0.000000 1.000000 1.000000
0.000000 1.000000 1.000000
0.000000 1.000000 1.000000
0.000000 1.000000 1.000000
0.000000 1.000000 0.999432
0.000000 1.000000 0.999431
0.000000 1.000000 0.999340
0.000000 1.000000 0.999229
2033.293333 0.999508 0.998145
2032.933333 0.999508 0.998145
474.533333 0.997897 0.992065
464.973333 0.997854 0.991902
2.773333 0.734982 0.000000
0.400000 0.285714 0.000000
0.000000 0.000000 0.000000
0.000000 0.364407 0.000000
0.000000 1.000000 0.000000
0.000000 0.500000 0.000000
0.000000 1.000000 0.000000
10.088670 1.000000 0.909818
19.301887 1.000000 0.950743
18.119497 1.000000 0.947697
5.594340 1.000000 0.848355
4.852201 1.000000 0.829124
0.000000 1.000000 1.000000
0.000000 1.000000 1.000000
0.000000 1.000000 1.000000
0.000000 1.000000 1.000000
0.000000 1.000000 1.000000
6.071429 1.000000 0.858586
6.818811 1.000000 0.872103
7.776025 1.000000 0.886053
11.678241 1.000000 0.899032
2.343876 0.812641 0.682780
3.073718 0.803619 0.715657
0.334615 0.400576 0.132085
0.196795 0.331548 0.032137
0.080769 0.259786 0.000000
0.000000 1.000000 0.000000
0.000000 1.000000 1.000000
1.209607 0.787549 0.547431
1.091703 0.775574 0.521921
0.842795 0.745261 0.457346
1.148837 0.534632 0.534632
0.502326 0.334365 0.334365
0.000000 1.000000 1.000000
0.000000 0.000000 0.000000
57.395349 1.000000 0.982875
56.627907 1.000000 0.982647
52.255814 1.000000 0.981223
0.000000 1.000000 1.000000
0.000000 1.000000 1.000000
0.000000 1.000000 1.000000
0.251163 0.200743 0.200743
0.000000 0.000000 0.000000
0.000000 0.000000 0.000000
23.200000 0.958678 0.958678
0.279070 0.218182 0.218182
0.000000 1.000000 1.000000
0.000000 0.500000 0.000000
0.000000 0.000000 0.000000
0.000000 0.000000 0.000000
0.000000 0.000000 0.000000
0.053202 0.424696 0.050514
0.125581 0.111570 0.111570
0.251163 0.200743 0.200743
0.000000 0.000000 0.000000
0.000000 0.000000 0.000000
0.000000 0.000000 0.000000
0.658667 0.397106 0.000000
0.336000 0.251497 0.000000
0.586047 0.369501 0.000000
0.000000 0.000000 0.000000
0.000000 0.000000 0.000000
0.000000 0.000000 0.000000
0.000000 0.000000 0.000000
0.000000 0.333333 0.000000
0.000000 0.159265 0.000000
0.000000 0.157218 0.000000
0.000000 0.210526 0.000000
0.000000 0.210526 0.000000
0.000000 0.000000 0.000000
0.000000 0.500000 0.000000
0.000000 0.000000 0.000000
0.000000 0.757336 0.000000
0.000000 1.000000 0.000000
0.000000 1.000000 0.000000
0.000000 0.545455 0.000000
0.000000 0.000000 0.000000
0.000000 0.000000 0.000000
0.000000 0.000000 0.000000
0.000000 1.000000 0.000000
0.000000 0.000000 0.000000
0.000000 0.000000 0.000000
0.000000 0.500000 0.000000
1.803738 0.643333 0.643333
1.154206 0.535792 0.535792
1.070093 0.516930 0.243792
0.817757 0.449871 0.138817
0.287879 0.514932 0.000000
0.383540 0.638608 0.000000
0.195652 0.581818 0.000000
0.000000 0.500000 0.000000
0.000000 0.000000 0.000000
0.000000 0.000000 0.000000
0.000000 0.569355 0.000000
0.000000 1.000000 0.000000
0.000000 0.000000 0.000000
0.000000 0.000000 0.000000
0.000000 0.000000 0.000000
0.000000 0.000000 0.000000
0.000000 0.000000 0.000000
0.000000 0.000000 0.000000
2.163993 1.000000 0.683944
4.230453 1.000000 0.808812
0.222222 1.000000 0.181818
0.251163 0.200743 0.200743
0.251163 0.200743 0.200743
0.000000 1.000000 1.000000
0.000000 1.000000 0.179402
0.139155 0.276459 0.000000
0.070986 0.230405 0.000000
0.000000 0.175775 0.000000
0.000000 0.000000 0.000000
0.251163 0.200743 0.200743
0.000000 0.000000 0.000000
0.000000 1.000000 1.000000
0.530233 0.346505 0.346505
0.000000 0.000000 0.000000
0.000000 1.000000 1.000000
0.000000 0.000000 0.000000
3.465116 0.776042 0.367708
1.641860 0.621479 0.621479
0.000000 1.000000 1.000000
0.000000 1.000000 1.000000
0.000000 1.000000 1.000000
0.000000 1.000000 0.000000
0.000000 0.000000 0.000000
0.000000 0.500000 0.000000
4.488372 1.000000 0.817797
0.482500 0.662732 0.325464
0.308750 0.617956 0.235912
0.135000 0.559471 0.118943
0.067500 0.531616 0.063232
0.067500 0.531616 0.063232
0.251163 0.200743 0.200743
0.000000 0.000000 0.000000
0.000000 0.000000 0.000000
0.000000 1.000000 0.000000
0.000000 1.000000 0.000000
0.000000 0.000000 0.000000
0.000000 1.000000 0.000000
0.000000 1.000000 0.000000
0.000000 0.000000 0.000000
0.000000 0.000000 0.000000
0.000000 0.000000 0.000000
0.000000 0.233635 0.000000
0.000000 0.000000 0.000000
0.000000 0.166667 0.000000
0.000000 0.197044 0.000000
0.000000 0.000000 0.000000
0.246753 0.598958 0.000000
0.116883 0.552326 0.000000
0.000000 0.304348 0.000000
0.000000 0.000000 0.000000
0.000000 0.000000 0.000000
0.607477 1.000000 0.377907
0.000000 1.000000 1.000000
0.000000 1.000000 1.000000
0.000000 1.000000 1.000000
0.000000 1.000000 0.000000
0.000000 1.000000 0.000000
0.000000 1.000000 0.000000
0.323529 0.622222 0.000000
0.000000 1.000000 0.000000
8.035714 0.944664 0.846881
8.034161 0.944655 0.867652
7.838509 0.943429 0.886859
0.000000 1.000000 1.000000
0.000000 1.000000 1.000000
0.000000 0.000000 0.000000
0.000000 0.000000 0.000000
0.000000 0.390351 0.000000
0.000000 0.500000 0.000000
1.018470 0.504575 0.504575
0.651715 0.394569 0.394569
0.284960 0.221766 0.221766
0.142480 0.124711 0.124711
0.000000 0.000000 0.000000
0.000000 0.000000 0.000000
0.000000 0.000000 0.000000
0.000000 0.000000 0.000000
0.000000 0.000000 0.000000
0.000000 0.000000 0.000000
0.000000 0.000000 0.000000
0.158333 0.309353 0.000000
0.080769 0.259786 0.000000
0.000000 0.200000 0.000000
0.000000 0.000000 0.000000
0.000000 0.000000 0.000000
0.000000 0.000000 0.000000
0.000000 0.000000 0.000000
0.000000 0.000000 0.000000
0.000000 0.000000 0.000000
0.000000 0.500000 0.000000
0.000000 0.500000 0.000000
0.000000 1.000000 0.000000
0.000000 1.000000 0.000000
0.000000 1.000000 0.000000
0.000000 0.294790 0.000000
0.000000 0.333333 0.000000
0.000000 0.186893 0.000000
0.482500 0.494098 0.325464
0.000000 1.000000 1.000000
0.000000 1.000000 1.000000
0.000000 1.000000 1.000000
0.000000 1.000000 1.000000
0.000000 0.000000 0.000000
0.000000 0.308411 0.000000
0.000000 0.377451 0.000000
0.000000 0.000000 0.000000
0.000000 0.000000 0.000000
0.000000 0.757522 0.000000
0.000000 0.000000 0.000000
0.000000 0.545455 0.000000
0.000000 1.000000 0.000000
0.000000 0.000000 0.000000
0.000000 0.000000 0.000000
0.000000 0.891139 0.000000
0.000000 0.000000 0.000000
0.000000 0.000000 0.000000
0.000000 0.000000 0.000000
1.245989 0.777381 0.554762
0.000000 1.000000 1.000000
0.000000 1.000000 1.000000
0.000000 1.000000 1.000000
0.000000 1.000000 1.000000
0.000000 1.000000 0.893392
21.088372 0.954727 0.929248
21.232558 0.955021 0.929707
4.975553 0.895383 0.784531
4.905704 0.894145 0.781983
4.764843 0.891559 0.801090
4.640279 0.889164 0.796698
6.189441 0.930454 0.833693
0.577640 0.683071 0.242126
0.279503 0.609223 0.065534
0.195652 0.581818 0.000000
0.000000 0.500000 0.000000
0.000000 0.388393 0.000000
0.000000 0.288079 0.000000
0.000000 0.000000 0.000000
0.000000 1.000000 0.000000
0.000000 0.000000 0.000000
0.000000 0.500000 0.000000
0.000000 0.000000 0.000000
0.000000 0.000000 0.000000
2.594017 0.910820 0.721760
7.213333 0.878247 0.878247
0.360000 0.264706 0.264706
0.360000 0.264706 0.264706
0.360000 0.264706 0.264706
0.000000 1.000000 0.179402
0.000000 1.000000 0.000000
0.080769 0.259786 0.000000
0.000000 0.200000 0.000000
0.627907 1.000000 0.385714
0.000000 1.000000 1.000000
1.795349 0.642263 0.642263
1.148837 0.534632 0.534632
0.502326 0.334365 0.334365
0.251163 0.200743 0.200743
0.000000 0.000000 0.000000
0.251163 0.200743 0.200743
0.000000 1.000000 1.000000
0.000000 0.000000 0.000000
0.000000 0.000000 0.000000
0.000000 0.322900 0.000000
0.000000 0.000000 0.000000
0.000000 0.000000 0.000000
0.053202 0.424696 0.050514
0.067500 0.531616 0.063232
0.000000 1.000000 1.000000
0.000000 0.000000 0.000000
0.000000 0.000000 0.000000
0.281395 0.219601 0.000000
1.148837 0.534632 0.000000
0.000000 1.000000 0.000000
1.134884 0.531590 0.000000
0.000000 1.000000 0.000000
0.000000 1.000000 0.000000
0.000000 1.000000 0.000000
0.000000 1.000000 0.000000
0.000000 0.333333 0.000000
0.000000 0.186893 0.000000
0.000000 0.250000 0.000000
0.000000 1.000000 0.000000
1.045267 1.000000 0.402414
1.045267 1.000000 0.511066
0.333333 0.625000 0.250000
0.116883 0.552326 0.104651
0.000000 0.500000 0.000000
0.000000 1.000000 0.000000
0.000000 1.000000 0.000000
0.000000 1.000000 0.000000
0.323529 0.622222 0.000000
0.000000 1.000000 0.000000
0.815217 0.724551 0.237810
0.795031 0.721453 0.333910
0.599379 0.687379 0.374757
0.000000 1.000000 1.000000
0.000000 1.000000 1.000000
0.000000 1.000000 1.000000
0.000000 1.000000 1.000000
0.000000 1.000000 1.000000
0.000000 1.000000 1.000000
13.124294 1.000000 0.929200
15.660674 1.000000 0.939978
0.000000 1.000000 1.000000
0.000000 1.000000 1.000000
0.000000 1.000000 1.000000
0.000000 1.000000 1.000000
0.000000 1.000000 1.000000
0.000000 1.000000 1.000000
0.000000 1.000000 1.000000
0.000000 1.000000 1.000000
0.000000 1.000000 1.000000
1.467181 0.860720 0.000000
0.962677 0.824918 0.000000
2.801498 1.000000 0.000000
4.986667 0.832962 0.000000
0.000000 0.000000 0.000000
0.000000 0.000000 0.000000
0.000000 1.000000 0.976316
0.000000 1.000000 0.195440
0.000000 1.000000 0.000000
0.000000 1.000000 0.000000
0.000000 0.200000 0.000000
0.000000 0.000000 0.000000
0.000000 0.000000 0.000000
0.000000 0.000000 0.000000
0.000000 0.000000 0.000000
0.000000 1.000000 1.000000
0.000000 1.000000 1.000000
0.000000 1.000000 1.000000
0.000000 0.285714 0.000000
0.000000 1.000000 0.000000
0.000000 0.000000 0.000000
0.000000 0.500000 0.000000
0.000000 0.000000 0.000000
0.156911 0.416725 0.135629
0.448837 0.309791 0.309791
0.897674 0.473039 0.473039
0.251163 0.200743 0.200743
0.000000 0.000000 0.000000
0.000000 0.000000 0.000000
1.148837 0.534632 0.000000
1.483721 0.597378 0.361423
0.897674 0.473039 0.473039
0.000000 1.000000 1.000000
0.000000 1.000000 1.000000
0.000000 0.000000 0.000000
0.000000 0.333333 0.000000
0.000000 0.186893 0.000000
0.000000 0.250000 0.000000
0.000000 1.000000 0.000000
0.000000 0.279323 0.000000
0.000000 0.000000 0.000000
0.000000 0.740484 0.000000
0.000000 0.740484 0.000000
0.000000 0.000000 0.000000
0.000000 0.000000 0.000000
0.000000 1.000000 0.000000
0.000000 0.000000 0.000000
0.000000 0.000000 0.000000
0.000000 1.000000 1.000000
0.000000 1.000000 1.000000
2.620455 1.000000 0.723792
2.174684 0.965710 0.685008
1.201013 0.950541 0.545664
1.170633 0.949848 0.539305
0.027342 0.894036 0.026614
0.000000 0.891139 0.000000
0.000000 0.000000 0.000000
0.000000 0.000000 0.000000
14.791444 0.968337 0.887233
7.978610 0.944312 0.783800
0.000000 1.000000 0.873609
0.000000 1.000000 0.863882
0.000000 1.000000 0.860649
0.000000 1.000000 0.768877
0.000000 1.000000 0.234783
0.000000 1.000000 0.642857
0.532710 0.347561 0.164634
1.154206 0.535792 0.000000
0.383540 0.638608 0.000000
0.195652 0.581818 0.000000
0.000000 0.500000 0.000000
0.000000 0.000000 0.000000
21.084112 0.954719 0.954719
0.000000 1.000000 1.000000
0.000000 1.000000 1.000000
0.000000 1.000000 1.000000
0.000000 1.000000 1.000000
0.000000 1.000000 1.000000
0.000000 1.000000 1.000000
0.000000 1.000000 1.000000
0.000000 1.000000 1.000000
0.000000 1.000000 1.000000
0.000000 1.000000 1.000000
0.000000 1.000000 1.000000
0.000000 1.000000 1.000000
0.000000 1.000000 1.000000
0.000000 1.000000 1.000000
0.000000 1.000000 1.000000
0.000000 1.000000 1.000000
0.000000 1.000000 1.000000
0.000000 1.000000 1.000000
0.000000 1.000000 1.000000
0.000000 1.000000 1.000000
0.000000 1.000000 1.000000
0.000000 1.000000 1.000000
0.000000 1.000000 1.000000
0.000000 0.500000 0.000000
0.000000 0.000000 0.000000
0.000000 0.000000 0.000000
0.000000 0.000000 0.000000
0.676712 0.403595 0.000000
1.148837 0.534632 0.000000
0.345205 0.256619 0.000000
0.000000 0.182456 0.000000
0.000000 0.200000 0.000000
0.000000 0.000000 0.000000
0.000000 0.000000 0.000000
0.000000 0.000000 0.000000
9.666667 1.000000 0.000000
0.000000 1.000000 0.000000
0.000000 1.000000 0.000000
0.000000 1.000000 0.000000
11.959551 1.000000 0.922837
0.000000 1.000000 1.000000
0.000000 1.000000 1.000000
0.000000 1.000000 1.000000
0.000000 1.000000 1.000000
0.000000 1.000000 1.000000
0.000000 1.000000 1.000000
16.702326 0.943510 0.943510
9.874419 0.908041 0.908041
8.651163 0.896386 0.896386
8.372093 0.893300 0.893300
0.251163 0.200743 0.200743
0.000000 0.000000 0.000000
0.000000 0.000000 0.000000
0.000000 0.740651 0.000000
0.000000 0.000000 0.000000
0.000000 0.000000 0.000000
0.000000 1.000000 1.000000
0.000000 1.000000 1.000000
0.000000 1.000000 1.000000
0.000000 1.000000 1.000000
0.000000 0.589958 0.000000
0.000000 0.500000 0.000000
0.000000 0.394089 0.000000
0.000000 0.000000 0.000000
0.000000 0.000000 0.000000
0.000000 1.000000 0.000000
0.000000 1.000000 0.000000
0.000000 0.000000 0.000000
0.000000 1.000000 0.000000
0.000000 1.000000 0.000000
0.000000 0.000000 0.000000
0.000000 0.333333 0.000000
19.164706 1.000000 0.000000
0.716250 0.563001 0.417334
0.143507 0.288936 0.125497
0.018204 0.201430 0.017878
0.069175 0.239501 0.000000
0.091346 0.236417 0.000000
0.000000 1.000000 0.000000
0.000000 1.000000 0.000000
0.000000 1.000000 0.000000
0.000000 0.672340 0.000000
0.000000 1.000000 0.000000
0.000000 1.000000 0.000000
0.000000 1.000000 0.000000
0.000000 1.000000 0.000000
0.000000 0.593478 0.000000
0.000000 1.000000 0.000000
0.931677 0.741158 0.283762
0.765528 0.716799 0.216359
0.577640 0.683071 0.242126
0.279503 0.609223 0.065534
0.195652 0.581818 0.000000
0.000000 0.500000 0.000000
0.000000 1.000000 1.000000
0.000000 1.000000 1.000000
0.000000 1.000000 1.000000
0.000000 1.000000 1.000000
0.000000 1.000000 1.000000
0.000000 1.000000 1.000000
0.000000 1.000000 1.000000
0.000000 1.000000 1.000000
0.000000 1.000000 1.000000
0.000000 1.000000 1.000000
0.000000 1.000000 1.000000
0.000000 1.000000 1.000000
0.000000 1.000000 1.000000
0.000000 1.000000 1.000000
0.000000 1.000000 1.000000
0.000000 1.000000 1.000000
0.000000 1.000000 1.000000
0.000000 1.000000 1.000000
0.000000 1.000000 1.000000
0.000000 1.000000 1.000000
0.000000 1.000000 1.000000
0.000000 1.000000 1.000000
0.000000 1.000000 1.000000
0.000000 1.000000 1.000000
0.000000 1.000000 1.000000
0.000000 1.000000 1.000000
0.000000 1.000000 1.000000
0.000000 1.000000 1.000000
0.000000 1.000000 1.000000
0.000000 1.000000 1.000000
0.000000 1.000000 1.000000
0.000000 1.000000 1.000000
0.000000 1.000000 1.000000
0.000000 1.000000 1.000000
0.000000 1.000000 1.000000
0.000000 1.000000 1.000000
0.000000 1.000000 1.000000
0.000000 1.000000 1.000000
0.000000 1.000000 1.000000
0.000000 1.000000 1.000000
0.000000 1.000000 1.000000
0.000000 1.000000 1.000000
7.917603 0.943931 0.887862
7.906367 0.943860 0.887721
5.968165 0.928245 0.856490
5.595506 0.924191 0.848382
5.013109 0.916848 0.833697
4.900749 0.915265 0.830530
2.910112 0.872126 0.744253
0.000000 1.000000 1.000000
0.000000 0.000000 0.000000
0.000000 0.000000 0.000000
0.000000 1.000000 0.000000
0.000000 1.000000 0.000000
0.000000 1.000000 0.000000
0.000000 1.000000 0.000000
0.000000 0.200000 0.000000
0.000000 1.000000 0.000000
0.000000 1.000000 0.104811
0.000000 1.000000 0.140445
0.000000 1.000000 0.995214
0.000000 1.000000 0.994898
0.000000 1.000000 0.997947
0.000000 1.000000 0.998319
0.000000 1.000000 0.999475
0.000000 1.000000 0.999573
0.000000 1.000000 0.999758
0.000000 1.000000 0.999646
0.000000 1.000000 0.999581
0.000000 1.000000 0.999833
0.000000 1.000000 1.000000
0.000000 1.000000 1.000000
0.000000 1.000000 1.000000
0.000000 1.000000 1.000000
0.000000 1.000000 1.000000
0.000000 1.000000 1.000000
0.000000 1.000000 1.000000
0.000000 1.000000 0.999076
0.000000 1.000000 0.999743
0.000000 1.000000 0.999720
0.000000 1.000000 0.999690
0.000000 1.000000 0.999926
0.000000 1.000000 0.999932
0.000000 1.000000 1.000000
0.000000 1.000000 1.000000
0.000000 1.000000 1.000000
0.000000 1.000000 1.000000
0.000000 1.000000 1.000000
0.000000 1.000000 1.000000
0.000000 1.000000 1.000000
0.000000 1.000000 1.000000
0.000000 1.000000 0.999381
0.000000 1.000000 0.999381
0.000000 1.000000 0.998990
0.000000 1.000000 0.998778
0.000000 1.000000 0.998773
0.000000 1.000000 0.998354
642.349490 0.999223 0.996800
106.982143 0.995370 0.980935
43.553571 0.988778 0.953793
43.415816 0.988743 0.953650
1.058673 0.757125 0.000000
0.153061 0.566372 0.000000
0.000000 0.500000 0.000000
0.000000 0.500000 0.000000
0.000000 1.000000 0.000000
0.000000 1.000000 0.000000
28.900474 1.000000 0.966556
0.000000 1.000000 1.000000
0.000000 1.000000 1.000000
0.000000 1.000000 1.000000
0.000000 1.000000 1.000000
0.000000 1.000000 1.000000
0.000000 1.000000 1.000000
0.000000 1.000000 1.000000
0.000000 1.000000 1.000000
0.000000 1.000000 1.000000
0.000000 0.333333 0.000000
0.000000 0.208973 0.000000
0.000000 0.196291 0.000000
0.000000 0.166667 0.000000
1.823256 0.645799 0.000000
0.848485 0.729508 0.000000
0.840449 0.858974 0.000000
1.114754 1.000000 0.000000
0.000000 1.000000 0.000000
0.000000 0.530568 0.000000
0.000000 0.000000 0.000000
0.000000 0.000000 0.000000
0.000000 0.632353 0.000000
0.000000 0.545455 0.000000
0.000000 0.000000 0.000000
0.000000 0.891139 0.000000
0.000000 1.000000 0.000000
0.000000 0.000000 0.000000
1.483957 0.798708 0.467169
0.000000 1.000000 0.980049
0.000000 1.000000 0.979830
0.000000 1.000000 1.000000
26.469767 0.963596 0.943109
7.651163 0.884409 0.819355
6.404651 0.864950 0.788945
0.357392 0.539451 0.051458
0.287544 0.514467 0.000000
2.326087 0.849673 0.640523
2.130435 0.840278 0.680556
0.000000 1.000000 1.000000
0.000000 0.445876 0.000000
0.000000 0.285714 0.000000
0.000000 0.000000 0.000000
0.000000 0.000000 0.000000
0.000000 1.000000 1.000000
0.000000 1.000000 1.000000
0.000000 0.500000 0.000000
6.503145 1.000000 0.866723
5.729560 1.000000 0.851402
3.987421 1.000000 0.799496
4.198113 1.000000 0.734422
0.000000 1.000000 0.904649
0.000000 1.000000 0.179402
0.000000 1.000000 0.300000
0.000000 1.000000 0.300000
0.212821 0.340381 0.175476
0.247436 0.358684 0.198356
0.000000 1.000000 1.000000
0.000000 1.000000 1.000000
0.000000 1.000000 1.000000
0.000000 1.000000 1.000000
0.000000 0.000000 0.000000
0.147945 0.128878 0.128878
0.000000 0.000000 0.000000
0.000000 0.000000 0.000000
0.000000 0.190687 0.000000
0.000000 0.285714 0.000000
0.000000 1.000000 0.000000
0.000000 0.000000 0.000000
0.000000 1.000000 1.000000
0.000000 1.000000 1.000000
1.144186 0.533623 0.533623
0.251163 0.200743 0.200743
0.000000 0.000000 0.000000
0.000000 0.000000 0.000000
0.000000 0.322900 0.000000
0.000000 0.361070 0.000000
0.000000 0.530568 0.000000
0.000000 0.000000 0.000000
0.000000 0.500000 0.000000
0.000000 0.000000 0.000000
0.000000 0.000000 0.000000
0.222222 1.000000 0.181818
0.251163 0.200743 0.200743
0.000000 0.000000 0.000000
1.148837 0.534632 0.000000
0.000000 1.000000 0.000000
0.000000 1.000000 0.000000
0.000000 0.000000 0.000000
0.000000 1.000000 0.000000
0.000000 0.333333 0.000000
0.000000 0.186893 0.000000
0.045673 0.203065 0.000000
0.000000 1.000000 0.000000
0.000000 1.000000 0.000000
0.000000 0.740449 0.000000
0.000000 1.000000 0.000000
0.000000 1.000000 0.000000
0.000000 1.000000 0.000000
0.000000 1.000000 1.000000
0.000000 1.000000 1.000000
0.000000 1.000000 1.000000
0.000000 0.500000 0.000000
0.383540 0.638608 0.000000
0.195652 0.581818 0.000000
0.000000 0.500000 0.000000
0.000000 0.500000 0.000000
0.000000 0.000000 0.000000
0.000000 0.000000 0.000000
0.000000 1.000000 0.000000
0.000000 1.000000 0.000000
0.000000 0.200000 0.000000
0.000000 0.000000 0.000000
0.000000 0.000000 0.000000
0.000000 0.000000 0.000000
0.000000 0.540598 0.000000
0.000000 1.000000 0.000000
0.000000 0.000000 0.000000
0.000000 1.000000 0.000000
0.000000 0.000000 0.000000
0.000000 0.530568 0.000000
0.000000 1.000000 0.000000
0.000000 1.000000 0.612698
0.000000 1.000000 0.503055
0.000000 1.000000 0.306818
0.000000 1.000000 0.181208
1.134884 0.531590 0.000000
0.832558 0.454315 0.000000
0.251163 0.200743 0.000000
0.000000 0.322900 0.000000
0.000000 0.500000 0.000000
0.000000 0.325203 0.000000
0.000000 0.394089 0.000000
0.000000 0.500000 0.000000
0.000000 0.000000 0.000000
1.148837 0.534632 0.000000
0.586047 0.369501 0.000000
0.000000 1.000000 0.000000
0.925581 0.480676 0.480676
0.000000 0.000000 0.000000
0.691358 1.000000 0.408759
0.000000 1.000000 1.000000
0.000000 1.000000 1.000000
0.000000 0.333333 0.000000
0.000000 0.250000 0.000000
0.000000 0.166667 0.000000
0.000000 0.000000 0.000000
0.000000 0.740449 0.000000
0.000000 0.500000 0.000000
0.000000 0.000000 0.000000
0.000000 0.411250 0.000000
0.000000 0.356477 0.000000
0.000000 0.293515 0.000000
0.000000 0.414125 0.000000
0.000000 0.632353 0.000000
0.000000 0.000000 0.000000
0.000000 0.000000 0.000000
0.000000 0.903501 0.000000
0.000000 1.000000 0.000000
0.000000 0.891591 0.000000
0.000000 0.531729 0.000000
0.000000 1.000000 0.000000
0.323529 0.622222 0.000000
0.565421 0.361194 0.000000
2.214953 0.688953 0.513081
0.000000 1.000000 0.588333
0.000000 1.000000 0.498986
0.577640 0.683071 0.242126
0.279503 0.609223 0.065534
0.279503 0.609223 0.065534
0.260870 0.603448 0.206897
0.000000 1.000000 1.000000
0.532710 0.347561 0.347561
0.000000 0.000000 0.000000
0.000000 0.000000 0.000000
0.000000 1.000000 1.000000
0.000000 1.000000 1.000000
0.000000 1.000000 1.000000
0.000000 1.000000 1.000000
0.000000 0.500000 0.000000
0.000000 1.000000 0.000000
0.000000 0.000000 0.000000
0.000000 0.000000 0.000000
0.000000 0.000000 0.000000
0.000000 1.000000 1.000000
1.148837 0.534632 0.000000
0.586047 0.369501 0.000000
0.000000 1.000000 0.000000
0.000000 0.175775 0.000000
0.000000 0.000000 0.000000
0.000000 1.000000 1.000000
0.279070 0.218182 0.218182
0.000000 0.000000 0.000000
0.000000 0.000000 0.000000
0.000000 0.000000 0.000000
0.000000 0.000000 0.000000
0.000000 0.000000 0.000000
0.000000 0.000000 0.000000
0.000000 0.000000 0.000000
1.823256 0.645799 0.000000
0.000000 0.000000 0.000000
0.000000 1.000000 0.000000
0.000000 0.500000 0.000000
0.000000 0.394089 0.000000
0.000000 0.500000 0.000000
0.000000 0.000000 0.000000
0.000000 1.000000 0.179402
1.367442 0.577603 0.330059
0.530233 0.346505 0.346505
0.000000 0.000000 0.000000
0.000000 1.000000 0.000000
0.000000 1.000000 0.000000
0.000000 0.000000 0.000000
0.554598 0.571165 0.356747
0.354885 0.507953 0.261930
0.155172 0.422886 0.134328
0.077586 0.381333 0.072000
0.000000 0.333333 0.000000
0.075000 0.302326 0.000000
0.045673 0.203065 0.000000
0.021635 0.184314 0.000000
0.000000 0.166667 0.000000
0.000000 0.740449 0.000000
0.000000 0.500000 0.000000
0.000000 0.739255 0.000000
0.000000 1.000000 0.000000
0.000000 0.000000 0.000000
0.000000 1.000000 0.000000
3.802326 1.000000 0.000000
0.000000 1.000000 0.000000
0.000000 1.000000 0.000000
0.711111 0.636364 0.000000
2.909091 0.744186 0.000000
0.000000 1.000000 0.000000
0.000000 1.000000 0.000000
2.093220 0.676712 0.000000
0.142695 0.444004 0.000000
0.164706 0.502806 0.000000
0.000000 0.420915 0.000000
0.000000 0.000000 0.000000
0.000000 0.000000 0.000000
0.000000 0.000000 0.000000
0.000000 0.000000 0.000000
0.000000 0.000000 0.000000
0.000000 0.000000 0.000000
0.000000 0.000000 0.000000
0.000000 0.409509 0.000000
0.000000 0.500000 0.000000
0.000000 0.000000 0.000000
0.806667 0.446494 0.000000
0.000000 1.000000 0.000000
0.000000 1.000000 0.000000
0.084447 0.300840 0.077871
4.488372 1.000000 0.817797
0.000000 1.000000 1.000000
0.000000 1.000000 1.000000
0.000000 1.000000 1.000000
0.000000 1.000000 1.000000
0.000000 1.000000 1.000000
0.000000 1.000000 1.000000
0.000000 1.000000 1.000000
0.816327 0.724719 0.000000
0.000000 1.000000 0.000000
0.000000 1.000000 0.000000
0.000000 1.000000 0.000000
0.000000 0.500000 0.000000
0.000000 1.000000 0.000000
1.465116 1.000000 0.000000
0.000000 1.000000 0.000000
0.000000 1.000000 1.000000
0.000000 1.000000 1.000000
0.000000 0.333333 0.000000
0.000000 0.250000 0.000000
0.000000 0.166667 0.000000
0.000000 0.000000 0.000000
0.000000 0.596380 0.000000
0.000000 0.341211 0.000000
0.000000 0.500000 0.000000
0.000000 0.000000 0.000000
0.000000 1.000000 0.000000
0.000000 0.000000 0.000000
0.000000 0.921466 0.000000
0.000000 1.000000 0.000000
0.000000 0.000000 0.000000
0.000000 0.000000 0.000000
1.032086 0.753947 0.507895
0.000000 1.000000 1.000000
0.000000 1.000000 1.000000
0.000000 1.000000 1.000000
0.562791 0.360119 0.000000
0.195652 0.581818 0.000000
0.000000 0.500000 0.000000
0.000000 0.288079 0.000000
0.000000 0.000000 0.000000
0.000000 0.000000 0.000000
0.000000 0.500000 0.000000
0.000000 1.000000 0.000000
0.000000 1.000000 0.000000
0.000000 0.200000 0.000000
0.000000 0.000000 0.000000
0.000000 1.000000 0.000000
0.781395 0.438642 0.438642
0.530233 0.346505 0.346505
0.000000 0.000000 0.000000
0.000000 0.000000 0.000000
0.000000 0.000000 0.000000
0.000000 0.000000 0.000000
0.000000 0.000000 0.000000
0.000000 0.000000 0.000000
0.000000 0.000000 0.000000
0.926667 0.480969 0.480969
1.795349 0.642263 0.642263
1.148837 0.534632 0.534632
0.502326 0.334365 0.334365
0.251163 0.200743 0.200743
0.000000 0.000000 0.000000
0.000000 0.322900 0.000000
0.000000 0.500000 0.000000
0.000000 0.325203 0.000000
0.000000 0.394089 0.000000
0.000000 0.000000 0.000000
0.000000 0.000000 0.000000
0.562791 0.360119 0.000000
0.000000 1.000000 0.000000
0.000000 1.000000 0.000000
0.000000 0.000000 0.000000
0.000000 0.000000 0.000000
0.000000 0.000000 0.000000
0.000000 0.000000 0.000000
0.000000 0.333333 0.000000
0.112315 0.278122 0.000000
0.530233 0.346505 0.000000
0.000000 1.000000 0.000000
0.000000 1.000000 0.000000
0.000000 0.174366 0.000000
0.000000 0.224543 0.000000
0.000000 0.000000 0.000000
0.000000 1.000000 0.000000
0.000000 0.500000 0.000000
0.000000 1.000000 0.000000
0.000000 1.000000 0.000000
0.323529 0.622222 0.000000
0.000000 1.000000 0.000000
0.000000 1.000000 0.773408
0.000000 1.000000 0.716628
0.000000 1.000000 0.708333
0.577640 0.683071 0.242126
0.279503 0.609223 0.065534
0.195652 0.581818 0.000000
0.000000 0.500000 0.000000
0.000000 1.000000 0.000000
0.000000 1.000000 1.000000
0.000000 1.000000 1.000000
0.000000 1.000000 1.000000
0.000000 1.000000 1.000000
0.429354 0.504981 0.000000
0.561605 0.604587 0.000000
0.734082 0.711663 0.000000
0.000000 1.000000 0.000000
0.000000 1.000000 0.000000
0.000000 0.000000 0.000000
0.000000 0.000000 0.000000
0.000000 0.000000 0.000000
0.000000 0.000000 0.000000
0.000000 0.000000 0.000000
0.000000 1.000000 0.000000
0.840000 0.456522 0.000000
0.000000 0.000000 0.000000
0.000000 0.000000 0.000000
0.000000 0.182456 0.000000
0.000000 0.200000 0.000000
0.000000 0.000000 0.000000
0.000000 0.000000 0.000000
0.000000 0.000000 0.000000
0.000000 0.000000 0.000000
0.000000 0.000000 0.000000
0.000000 0.000000 0.000000
0.000000 0.000000 0.000000
0.000000 0.000000 0.000000
0.000000 0.000000 0.000000
0.000000 0.000000 0.000000
0.000000 0.000000 0.000000
0.000000 0.000000 0.000000
0.223844 0.377734 0.000000
0.303130 0.480405 0.000000
0.196046 0.433884 0.000000
0.088962 0.378215 0.000000
0.000000 0.000000 0.000000
0.000000 0.500000 0.000000
0.000000 0.000000 0.000000
0.000000 0.000000 0.000000
0.562791 0.360119 0.000000
0.586047 0.369501 0.000000
0.000000 1.000000 0.000000
0.530233 0.346505 0.346505
0.279070 0.218182 0.218182
0.000000 0.000000 0.000000
0.000000 0.000000 0.000000
0.000000 0.000000 0.000000
0.426991 0.550388 0.299225
1.855769 0.804714 0.649832
4.195652 1.000000 0.807531
2.684783 1.000000 0.728614
1.173913 1.000000 0.540000
0.586957 1.000000 0.369863
0.000000 1.000000 0.000000
0.000000 0.250000 0.000000
0.000000 1.000000 0.000000
0.000000 0.174032 0.000000
0.000000 0.217494 0.000000
0.000000 0.299674 0.000000
0.000000 1.000000 0.000000
0.000000 0.665630 0.000000
0.000000 0.285714 0.000000
0.000000 0.578467 0.000000
0.000000 0.500000 0.000000
0.000000 0.000000 0.000000
0.000000 0.000000 0.000000
0.000000 0.000000 0.000000
0.000000 0.545455 0.000000
0.000000 0.000000 0.000000
0.000000 0.852300 0.000000
0.000000 0.000000 0.000000
0.000000 0.356870 0.000000
0.000000 0.000000 0.000000
0.332418 0.249485 0.000000
0.806667 0.446494 0.000000
0.195652 0.581818 0.000000
0.000000 0.500000 0.000000
0.000000 0.000000 0.000000
0.000000 1.000000 1.000000
0.000000 1.000000 1.000000
0.000000 0.000000 0.000000
0.000000 0.000000 0.000000
0.000000 0.000000 0.000000
0.000000 0.500000 0.000000
0.000000 0.000000 0.000000
0.000000 0.000000 0.000000
0.000000 1.000000 0.000000
16.516279 0.942910 0.097185
0.000000 1.000000 0.101526
0.000000 1.000000 0.134559
0.000000 1.000000 0.994674
0.000000 1.000000 0.994585
0.000000 1.000000 0.997743
0.000000 1.000000 0.998212
0.000000 1.000000 0.999475
0.000000 1.000000 0.999699
0.000000 1.000000 0.999829
0.000000 1.000000 0.999808
0.000000 1.000000 0.999790
0.000000 1.000000 0.999932
0.000000 1.000000 1.000000
0.000000 1.000000 1.000000
0.000000 1.000000 1.000000
0.000000 1.000000 1.000000
0.000000 1.000000 1.000000
0.000000 1.000000 0.999487
0.000000 1.000000 0.999404
5266.569767 1.000000 0.998898
4162.639535 1.000000 0.998606
719.448505 0.999009 0.995273
441.315615 0.998385 0.991850
440.750831 0.998383 0.990313
26.302326 0.973838 0.843271
3.458472 0.839791 0.040238
2.285714 0.782609 0.054601
2.106312 0.770053 0.000000
2.948837 0.746761 0.000000
2.669767 0.727503 0.000000
0.000000 1.000000 0.000000
4.644654 1.000000 0.676323
4.455975 1.000000 0.699712
3.987421 1.000000 0.765448
3.817610 1.000000 0.792428
0.000000 1.000000 1.000000
0.214724 0.176768 0.054545
0.169903 0.145228 0.044813
0.169903 0.145228 0.044813
0.052427 0.049815 0.049815
0.122330 0.108997 0.000000
0.154601 0.133900 0.000000
0.000000 1.000000 0.300000
0.000000 1.000000 1.000000
0.000000 0.175775 0.000000
0.000000 0.200000 0.000000
0.000000 1.000000 1.000000
0.000000 1.000000 1.000000
0.000000 1.000000 1.000000
0.000000 1.000000 1.000000
0.000000 0.000000 0.000000
0.000000 0.000000 0.000000
0.000000 1.000000 1.000000
1.641860 0.621479 0.621479
0.000000 1.000000 1.000000
0.000000 1.000000 1.000000
0.000000 1.000000 1.000000
0.000000 0.000000 0.000000
0.000000 0.000000 0.000000
0.000000 0.334520 0.000000
0.000000 0.258917 0.000000
0.000000 0.423596 0.000000
0.000000 0.421053 0.000000
0.360000 0.264706 0.264706
0.360000 0.264706 0.264706
0.000000 0.000000 0.000000
0.000000 0.000000 0.000000
0.000000 1.000000 0.000000
0.586047 0.369501 0.000000
0.000000 0.000000 0.000000
0.000000 1.000000 0.000000
0.000000 1.000000 0.000000
0.000000 0.000000 0.000000
0.000000 0.333333 0.000000
0.142500 0.343545 0.000000
0.000000 1.000000 0.000000
0.000000 1.000000 0.000000
0.000000 0.166667 0.000000
0.000000 1.000000 0.000000
0.000000 0.500000 0.000000
0.000000 1.000000 0.000000
0.000000 1.000000 0.000000
0.196110 0.746612 0.000000
0.323529 0.622222 0.000000
0.000000 1.000000 0.000000
0.000000 1.000000 0.761341
0.000000 1.000000 1.000000
0.000000 1.000000 1.000000
0.000000 1.000000 1.000000
0.000000 1.000000 0.300000
0.195652 0.581818 0.000000
0.000000 0.500000 0.000000
0.000000 0.500000 0.000000
0.000000 1.000000 0.000000
1.465116 1.000000 0.000000
0.000000 1.000000 0.000000
56.108696 1.000000 0.982490
4.532609 1.000000 0.819253
0.000000 1.000000 1.000000
0.038462 0.229630 0.037037
0.000000 0.200000 0.000000
0.000000 0.380165 0.000000
0.000000 0.000000 0.000000
0.000000 0.380165 0.000000
0.000000 1.000000 0.000000
0.000000 1.000000 0.000000
0.000000 1.000000 0.000000
0.000000 1.000000 0.000000
0.000000 1.000000 0.000000
0.000000 1.000000 0.000000
0.000000 1.000000 0.000000
3.021739 1.000000 0.751351
0.000000 1.000000 1.000000
0.000000 1.000000 1.000000
0.000000 1.000000 1.000000
0.000000 1.000000 1.000000
0.000000 0.535826 0.000000
0.000000 0.500000 0.000000
0.000000 0.500000 0.000000
0.000000 1.000000 0.000000
0.000000 1.000000 0.000000
0.000000 1.000000 0.000000
0.000000 1.000000 0.000000
0.000000 1.000000 0.000000
0.000000 0.333333 0.000000
0.000000 0.250000 0.000000
0.000000 0.153449 0.000000
0.000000 0.166667 0.000000
0.000000 0.665630 0.000000
0.000000 1.000000 0.000000
0.848485 0.729508 0.000000
0.000000 0.341211 0.000000
1.719540 0.710059 0.000000
3.400000 0.867769 0.000000
0.000000 1.000000 0.000000
0.000000 0.000000 0.000000
0.000000 0.619469 0.000000
0.000000 0.545455 0.000000
0.000000 1.000000 0.000000
0.000000 0.895985 0.000000
0.000000 0.299674 0.000000
0.000000 0.000000 0.000000
0.941176 0.742424 0.000000
0.000000 1.000000 0.000000
0.000000 1.000000 0.000000
2.204651 0.687954 0.512337
1.706977 0.630584 0.422680
0.000000 1.000000 0.788462
0.000000 1.000000 1.000000
0.000000 1.000000 1.000000
0.158690 0.486957 0.000000
0.000000 0.405542 0.000000
0.000000 0.367089 0.000000
0.000000 0.192478 0.000000
0.000000 0.000000 0.000000
0.000000 0.000000 0.000000
1.598194 1.000000 0.615117
2.840708 1.000000 0.739631
0.000000 1.000000 1.000000
0.000000 1.000000 1.000000
0.000000 0.285714 0.000000
0.000000 1.000000 0.000000
0.000000 1.000000 0.000000
0.722846 0.709783 0.419565
0.462547 0.658131 0.316261
0.202247 0.584112 0.168224
0.101124 0.545918 0.091837
0.000000 0.500000 0.000000
0.000000 1.000000 0.000000
0.000000 1.000000 0.000000
0.000000 0.200000 0.000000
0.000000 0.000000 0.000000
0.000000 0.000000 0.000000
0.000000 0.000000 0.000000
0.000000 0.000000 0.000000
0.000000 0.000000 0.000000
0.000000 0.000000 0.000000
0.000000 0.000000 0.000000
0.000000 0.336343 0.000000
0.000000 0.382787 0.000000
0.000000 0.343348 0.000000
0.000000 0.000000 0.000000
0.000000 0.000000 0.000000
0.000000 0.000000 0.000000
0.000000 0.000000 0.000000
0.331507 0.248971 0.000000
0.562791 0.360119 0.000000
0.000000 1.000000 0.000000
0.840000 0.456522 0.000000
0.000000 1.000000 0.000000
0.855814 0.461153 0.000000
0.000000 1.000000 0.000000
0.000000 1.000000 0.000000
0.000000 1.000000 0.000000
0.000000 0.333333 0.000000
0.564334 0.567100 0.278499
0.407449 0.518845 0.198075
2.581395 1.000000 0.350649
0.000000 1.000000 0.321429
0.000000 1.000000 0.000000
0.000000 1.000000 0.000000
0.000000 0.166667 0.000000
0.000000 1.000000 0.000000
0.000000 0.500000 0.000000
28.962085 1.000000 0.966624
0.000000 1.000000 1.000000
0.000000 1.000000 1.000000
0.000000 1.000000 1.000000
40.468992 1.000000 0.975886
40.236434 1.000000 0.975750
0.000000 1.000000 0.000000
0.000000 1.000000 0.000000
0.000000 0.500000 0.000000
0.000000 1.000000 0.000000
0.195652 0.581818 0.000000
0.000000 0.500000 0.000000
32.306878 1.000000 0.969976
29.798942 1.000000 0.967531
0.000000 1.000000 1.000000
0.000000 1.000000 1.000000
0.000000 1.000000 1.000000
0.000000 1.000000 1.000000
0.000000 0.569355 0.000000
0.000000 1.000000 0.000000
0.000000 1.000000 1.000000
0.000000 1.000000 1.000000
0.000000 1.000000 0.000000
0.000000 1.000000 0.000000
0.000000 1.000000 0.000000
0.000000 0.175775 0.000000
0.000000 0.200000 0.000000
1.795349 0.642263 0.642263
1.148837 0.534632 0.534632
0.502326 0.334365 0.334365
0.000000 0.000000 0.000000
0.000000 0.000000 0.000000
0.000000 0.000000 0.000000
0.000000 0.000000 0.000000
0.000000 1.000000 1.000000
0.000000 1.000000 1.000000
0.000000 1.000000 1.000000
0.000000 0.000000 0.000000
0.000000 0.285714 0.000000
0.000000 0.000000 0.000000
0.000000 0.000000 0.000000
0.000000 0.000000 0.000000
0.000000 0.000000 0.000000
0.000000 0.423596 0.000000
0.000000 0.322900 0.000000
0.000000 0.000000 0.000000
1.148837 0.534632 0.000000
0.000000 1.000000 0.000000
0.000000 1.000000 0.000000
0.000000 0.000000 0.000000
0.000000 0.333333 0.000000
0.000000 0.250000 0.000000
0.000000 0.000000 0.000000
0.000000 0.166667 0.000000
0.000000 0.665630 0.000000
0.000000 1.000000 0.000000
0.000000 0.247588 0.000000
0.000000 0.341211 0.000000
0.000000 0.500000 0.000000
1.696386 0.807864 0.629133
3.520000 1.000000 0.778761
1.351695 0.807207 0.574775
0.733051 0.738386 0.422983
0.114407 0.593156 0.102662
0.000000 0.904122 0.000000
0.000000 0.891591 0.000000
0.000000 1.000000 0.000000
0.323529 0.622222 0.000000
0.565421 0.361194 0.000000
0.000000 0.000000 0.000000
0.383540 0.638608 0.000000
0.627329 0.692748 0.265267
0.599379 0.687379 0.374757
1.803738 0.643333 0.643333
1.154206 0.535792 0.535792
0.504673 0.335404 0.335404
0.252336 0.201493 0.201493
0.000000 0.000000 0.000000
0.000000 0.000000 0.000000
0.000000 0.000000 0.000000
0.000000 0.000000 0.000000
0.000000 1.000000 1.000000
0.000000 1.000000 1.000000
0.000000 0.500000 0.000000
0.000000 0.000000 0.000000
0.000000 0.285714 0.000000
0.000000 1.000000 0.000000
0.000000 0.000000 0.000000
1.148837 0.534632 0.000000
0.000000 1.000000 0.000000
0.000000 1.000000 0.000000
0.000000 0.299674 0.000000
0.000000 1.000000 0.000000
0.000000 0.244552 0.000000
0.000000 1.000000 0.000000
0.000000 0.299674 0.000000
0.000000 0.000000 0.000000
0.000000 0.000000 0.000000
0.251163 0.200743 0.200743
0.000000 1.000000 1.000000
0.000000 1.000000 1.000000
0.251163 0.200743 0.200743
0.457627 0.313953 0.313953
0.000000 0.000000 0.000000
0.251163 0.200743 0.200743
0.457627 0.313953 0.313953
0.000000 0.000000 0.000000
3.322034 0.768627 0.000000
0.000000 1.000000 0.000000
0.000000 1.000000 0.000000
1.544186 0.606947 0.606947
1.795349 0.642263 0.642263
0.420479 0.602761 0.296012
0.269063 0.555365 0.212017
0.117647 0.495127 0.105263
0.058824 0.467078 0.055556
0.000000 0.435730 0.000000
0.000000 0.500000 0.000000
0.000000 0.322900 0.000000
0.000000 0.000000 0.000000
0.000000 0.000000 0.000000
0.676712 0.403595 0.000000
0.345205 0.256619 0.000000
0.000000 0.000000 0.000000
0.336158 0.433404 0.000000
0.444030 0.307494 0.000000
1.008475 0.502110 0.000000
0.000000 1.000000 0.000000
0.000000 1.000000 0.000000
0.000000 0.000000 0.000000
0.000000 0.000000 0.000000
0.000000 1.000000 1.000000
0.000000 0.333333 0.000000
0.142500 0.343545 0.000000
0.000000 1.000000 0.000000
0.000000 0.166667 0.000000
0.000000 1.000000 0.000000
0.000000 0.500000 0.000000
0.000000 1.000000 1.000000
0.000000 1.000000 0.000000
0.000000 1.000000 0.000000
0.000000 0.500000 0.000000
4.104651 1.000000 0.804100
4.267442 1.000000 0.543046
2.034884 1.000000 0.206897
0.767081 0.434095 0.000000
0.195652 0.581818 0.000000
0.000000 0.500000 0.000000
0.000000 1.000000 1.000000
0.000000 1.000000 1.000000
0.000000 1.000000 1.000000
0.000000 1.000000 1.000000
0.000000 1.000000 1.000000
0.000000 1.000000 1.000000
0.000000 1.000000 1.000000
15.867416 1.000000 0.940714
0.000000 1.000000 1.000000
0.000000 1.000000 1.000000
0.000000 1.000000 1.000000
0.000000 1.000000 1.000000
0.000000 1.000000 1.000000
0.000000 1.000000 1.000000
0.000000 1.000000 1.000000
0.000000 1.000000 1.000000
0.000000 1.000000 1.000000
0.000000 1.000000 1.000000
0.000000 1.000000 1.000000
0.000000 1.000000 1.000000
0.000000 1.000000 1.000000
0.000000 0.500000 0.000000
0.000000 1.000000 0.000000
0.000000 1.000000 0.000000
0.000000 0.200000 0.000000
0.000000 0.000000 0.000000
0.000000 0.000000 0.000000
0.000000 0.616491 0.000000
0.000000 0.500000 0.000000
0.000000 0.500000 0.000000
0.000000 1.000000 0.097913
0.000000 1.000000 0.128286
0.000000 1.000000 0.210103
0.000000 1.000000 0.233681
0.000000 1.000000 0.234452
0.000000 1.000000 0.251179
0.000000 1.000000 0.286098
0.000000 1.000000 0.312546
0.000000 1.000000 0.170455
0.000000 1.000000 0.201342
0.000000 1.000000 0.307692
0.000000 1.000000 0.526316
0.000000 1.000000 1.000000
0.000000 1.000000 1.000000
0.000000 1.000000 0.999611
0.000000 1.000000 0.999611
0.000000 1.000000 0.999544
0.000000 1.000000 0.999283
0.000000 1.000000 0.999195
0.000000 1.000000 0.999176
0.000000 1.000000 0.999077
0.000000 1.000000 0.999077
0.000000 1.000000 0.999356
0.000000 1.000000 0.999176
0.000000 1.000000 0.999359
0.000000 1.000000 0.999142
0.000000 1.000000 0.999189
0.000000 1.000000 0.999680
0.000000 1.000000 0.999635
0.000000 1.000000 0.999903
0.000000 1.000000 1.000000
0.000000 1.000000 1.000000
0.000000 1.000000 1.000000
0.000000 1.000000 1.000000
0.000000 1.000000 1.000000
0.000000 1.000000 1.000000
0.000000 1.000000 1.000000
0.000000 1.000000 1.000000
0.000000 1.000000 1.000000
0.000000 1.000000 1.000000
0.000000 1.000000 1.000000
0.000000 1.000000 1.000000
0.000000 1.000000 1.000000
0.000000 1.000000 1.000000
0.000000 1.000000 1.000000
0.000000 1.000000 1.000000
0.000000 1.000000 1.000000
0.000000 1.000000 1.000000
0.000000 1.000000 1.000000
0.000000 1.000000 1.000000
9344.220930 1.000000 0.999893
9371.383721 1.000000 0.999893
9370.755814 1.000000 0.999893
7230.848837 1.000000 0.999862
7211.616279 1.000000 0.999861
7182.604651 1.000000 0.999861
6470.395349 1.000000 0.999845
9378.197674 1.000000 0.999893
6636.569767 1.000000 0.999849
9422.034884 1.000000 0.999894
0.000000 1.000000 1.000000
0.000000 1.000000 0.999799
0.000000 1.000000 0.999777
0.000000 1.000000 0.999131
0.000000 1.000000 0.998436
0.000000 1.000000 0.998380
0.000000 1.000000 0.995349
0.000000 1.000000 0.994947
0.000000 1.000000 0.990731
0.000000 1.000000 0.992587
0.000000 1.000000 0.102079
0.000000 1.000000 0.473684
0.000000 1.000000 0.000000
0.000000 0.333333 0.000000
0.000000 0.250000 0.000000
0.000000 0.000000 0.000000
0.000000 0.153449 0.000000
0.000000 0.000000 0.000000
0.000000 1.000000 0.000000
0.000000 0.000000 0.000000
0.000000 0.500000 0.000000
0.000000 0.000000 0.000000
0.026870 0.906236 0.026167
0.025084 0.923736 0.024470
0.094937 0.729769 0.086705
0.160428 0.569124 0.138249
0.323529 0.622222 0.000000
0.000000 1.000000 0.000000
0.562791 0.360119 0.000000
1.122727 0.725910 0.000000
0.145833 0.545455 0.000000
0.195652 0.581818 0.000000
0.000000 0.476135 0.000000
0.000000 0.202326 0.000000
0.000000 0.454315 0.000000
0.000000 0.299674 0.000000
0.000000 1.000000 0.000000
0.000000 0.028162 0.000000
0.000000 0.028691 0.000000
0.000000 0.040560 0.000000
0.000000 0.034150 0.000000
0.000000 0.030862 0.000000
0.000000 0.032834 0.000000
0.000000 0.054762 0.000000
0.000000 0.061292 0.000000
0.000000 0.000000 0.000000
0.000000 0.000000 0.000000
0.000000 0.687500 0.000000
0.000000 0.000000 0.000000
0.000000 0.687500 0.000000
0.000000 1.000000 0.000000
0.000000 1.000000 0.000000
0.000000 0.353791 0.000000
0.000000 0.193694 0.000000
0.000000 0.000000 0.000000
0.000000 1.000000 0.000000
0.000000 0.380623 0.000000
0.000000 1.000000 0.000000
0.000000 0.585404 0.000000
0.000000 0.500000 0.000000
0.000000 1.000000 0.000000
2.156425 0.683186 0.683186
0.000000 1.000000 1.000000
0.000000 1.000000 1.000000
0.000000 1.000000 1.000000
0.000000 1.000000 0.000000
0.000000 1.000000 0.000000
0.000000 0.179413 0.000000
0.000000 0.200000 0.000000
0.000000 0.000000 0.000000
0.000000 0.000000 0.000000
0.000000 1.000000 0.000000
0.000000 0.000000 0.000000
0.000000 1.000000 1.000000
1.144186 0.533623 0.533623
0.251163 0.200743 0.200743
0.000000 0.000000 0.000000
0.000000 0.000000 0.000000
0.000000 0.000000 0.000000
0.000000 0.000000 0.000000
0.000000 0.000000 0.000000
0.000000 0.394089 0.000000
0.000000 0.500000 0.000000
0.000000 0.322900 0.000000
0.000000 0.000000 0.000000
0.562791 0.360119 0.000000
0.000000 1.000000 0.000000
0.000000 1.000000 0.000000
0.000000 0.000000 0.000000
0.000000 0.000000 0.000000
0.000000 0.000000 0.000000
0.000000 0.000000 0.000000
0.000000 0.000000 0.000000
0.076203 0.339130 0.000000
0.142500 0.343545 0.000000
0.067500 0.297424 0.000000
0.000000 0.250000 0.000000
0.000000 0.166667 0.000000
0.000000 1.000000 0.000000
0.000000 1.000000 1.000000
0.000000 1.000000 1.000000
0.000000 1.000000 1.000000
0.000000 1.000000 0.000000
0.000000 0.500000 0.000000
50.872038 1.000000 0.980722
5.193303 1.000000 0.838535
4.943176 1.000000 0.831740
5.467614 1.000000 0.845383
5.505114 1.000000 0.846275
5.402841 1.000000 0.843819
3.875000 0.983964 0.794872
1.902174 0.973063 0.655431
27.575949 0.989646 0.948837
28.052215 0.989815 0.946408
28.052215 0.989815 0.946408
27.957278 0.989782 0.946232
47.243316 0.989636 0.959763
0.000000 1.000000 0.980078
0.000000 1.000000 0.987477
0.000000 1.000000 0.987334
0.000000 1.000000 1.000000
0.000000 1.000000 0.000000
0.142052 0.682132 0.000000
0.000000 0.636979 0.000000
0.000000 0.500000 0.000000
0.000000 1.000000 0.000000
0.000000 1.000000 0.000000
0.000000 0.500000 0.000000
1.613169 1.000000 0.000000
0.000000 1.000000 0.000000
0.000000 1.000000 0.000000
0.000000 1.000000 0.000000
0.000000 1.000000 0.000000
0.000000 1.000000 0.000000
0.000000 0.000000 0.000000
0.000000 0.200000 0.000000
0.000000 0.000000 0.000000
0.000000 0.000000 0.000000
0.000000 0.000000 0.000000
0.000000 1.000000 1.000000
0.000000 1.000000 1.000000
0.502326 0.334365 0.334365
0.251163 0.200743 0.200743
0.000000 0.000000 0.000000
2.760000 0.734043 0.000000
2.760000 0.734043 0.000000
0.000000 0.000000 0.000000
0.000000 0.000000 0.000000
0.000000 0.000000 0.000000
0.000000 0.000000 0.000000
0.000000 0.285714 0.000000
0.000000 1.000000 0.000000
0.000000 0.394089 0.000000
0.000000 0.500000 0.000000
0.000000 0.500000 0.000000
1.148837 0.534632 0.000000
0.000000 1.000000 0.000000
0.000000 1.000000 0.000000
0.000000 0.000000 0.000000
0.000000 1.000000 0.000000
0.000000 1.000000 0.000000
0.000000 1.000000 0.000000
0.000000 0.288770 0.000000
0.000000 0.250000 0.000000
0.000000 0.000000 0.000000
0.000000 0.148465 0.000000
0.000000 0.000000 0.000000
0.000000 1.000000 0.000000
0.000000 0.000000 0.000000
0.000000 0.000000 0.000000
0.000000 1.000000 0.000000
0.000000 0.288750 0.000000
0.000000 0.000000 0.000000
0.000000 0.000000 0.000000
0.000000 0.000000 0.000000
0.206469 0.886155 0.171135
9.344371 0.960307 0.903329
11.512658 0.976353 0.920081
28.201550 1.000000 0.965755
15.275424 0.972143 0.938558
14.427966 0.970612 0.935183
10.116822 0.910046 0.910046
9.448598 0.904293 0.904293
7.943925 0.888192 0.888192
8.088785 0.889974 0.889974
8.060748 0.889634 0.889634
0.000000 1.000000 1.000000
0.000000 1.000000 1.000000
0.000000 1.000000 0.670300
0.000000 1.000000 0.308571
0.000000 1.000000 0.000000
0.164276 0.501680 0.000000
0.000000 0.328236 0.000000
0.000000 0.375291 0.000000
0.000000 0.000000 0.000000
0.000000 0.000000 0.000000
0.000000 0.000000 0.000000
2.573333 0.720149 0.720149
1.646667 0.622166 0.622166
0.720000 0.418605 0.418605
0.000000 0.000000 0.000000
0.000000 0.000000 0.000000
0.000000 0.000000 0.000000
0.000000 1.000000 1.000000
0.000000 1.000000 1.000000
0.000000 0.429952 0.000000
0.000000 0.000000 0.000000
1.488372 0.598131 0.000000
0.000000 1.000000 0.000000
0.000000 1.000000 0.000000
0.000000 1.000000 0.000000
0.000000 0.000000 0.000000
1.148837 0.534632 0.000000
0.000000 1.000000 0.000000
0.000000 1.000000 0.000000
0.000000 0.211494 0.000000
0.000000 0.418182 0.000000
0.000000 0.000000 0.000000
0.000000 0.244552 0.000000
0.000000 0.160908 0.000000
0.000000 0.000000 0.000000
0.000000 0.000000 0.000000
0.000000 0.299674 0.000000
0.000000 0.000000 0.000000
0.000000 0.000000 0.000000
0.000000 0.000000 0.000000
0.000000 0.000000 0.000000
0.000000 0.000000 0.000000
0.000000 0.000000 0.000000
0.000000 0.000000 0.000000
0.000000 0.000000 0.000000
0.000000 0.000000 0.000000
0.000000 0.000000 0.000000
0.000000 0.394089 0.000000
0.000000 0.000000 0.000000
0.253138 0.672788 0.000000
2.872093 1.000000 0.000000
1.148837 0.534632 0.000000
0.586047 0.369501 0.000000
0.000000 0.000000 0.000000
0.000000 1.000000 0.000000
0.000000 1.000000 0.000000
1.795349 0.642263 0.642263
1.148837 0.534632 0.534632
0.502326 0.334365 0.334365
0.000000 0.000000 0.000000
0.000000 0.000000 0.000000
0.000000 0.000000 0.000000
0.000000 0.000000 0.000000
0.000000 0.000000 0.000000
0.000000 0.000000 0.000000
0.000000 0.000000 0.000000
0.000000 0.000000 0.000000
0.000000 0.000000 0.000000
0.065862 0.300721 0.000000
0.076203 0.339130 0.000000
0.142500 0.343545 0.000000
0.067500 0.297424 0.000000
0.000000 0.250000 0.000000
0.000000 0.000000 0.000000
0.000000 0.000000 0.000000
0.000000 0.166667 0.000000
0.000000 1.000000 0.000000
0.000000 0.500000 0.000000
0.149953 0.923798 0.081092
0.506329 0.803571 0.209034
1.240310 1.000000 0.344291
0.468992 1.000000 0.000000
0.000000 1.000000 0.000000
0.000000 1.000000 0.000000
0.000000 1.000000 0.000000
0.000000 0.500000 0.000000
0.000000 1.000000 0.000000
0.000000 1.000000 0.104811
0.000000 1.000000 0.140445
0.000000 1.000000 0.244816
0.000000 1.000000 0.241425
0.000000 1.000000 0.271338
0.000000 1.000000 0.312546
0.000000 1.000000 0.686695
0.000000 1.000000 0.744635
0.000000 1.000000 0.837153
0.000000 1.000000 0.999282
0.000000 1.000000 1.000000
0.000000 1.000000 1.000000
0.000000 1.000000 1.000000
0.000000 1.000000 1.000000
0.000000 1.000000 0.999616
0.000000 1.000000 0.999616
0.000000 1.000000 0.999554
0.000000 1.000000 0.999243
0.000000 1.000000 0.999153
0.000000 1.000000 0.999077
0.000000 1.000000 0.999360
0.000000 1.000000 0.999125
0.000000 1.000000 0.999319
0.000000 1.000000 0.999049
0.000000 1.000000 0.999671
0.000000 1.000000 0.999643
0.000000 1.000000 0.999905
0.000000 1.000000 1.000000
0.000000 1.000000 1.000000
0.000000 1.000000 1.000000
0.000000 1.000000 1.000000
0.000000 1.000000 1.000000
0.000000 1.000000 1.000000
0.000000 1.000000 1.000000
0.000000 1.000000 1.000000
3517.511628 0.999716 0.999716
3069.269767 0.999674 0.999674
1517.559367 0.999341 0.999341
1964.287599 0.999491 0.999491
1706.081794 0.999414 0.999414
1487.266491 0.999328 0.999328
1468.358839 0.999319 0.999319
1985.474934 0.999497 0.999497
2003.131926 0.999501 0.999501
2006.915567 0.999502 0.999502
4450.335366 0.999775 0.999775
0.000000 1.000000 1.000000
0.000000 1.000000 1.000000
0.000000 1.000000 1.000000
0.000000 1.000000 1.000000
0.000000 1.000000 1.000000
0.000000 1.000000 1.000000
0.000000 1.000000 1.000000
0.000000 1.000000 1.000000
0.000000 1.000000 1.000000
0.000000 1.000000 1.000000
0.000000 1.000000 1.000000
0.000000 1.000000 1.000000
0.000000 1.000000 1.000000
0.000000 1.000000 1.000000
0.000000 1.000000 1.000000
0.000000 1.000000 1.000000
0.000000 1.000000 1.000000
0.000000 1.000000 1.000000
0.000000 1.000000 1.000000
3599.055814 0.999722 0.999722
837.880866 0.999191 0.998808
838.329723 0.999191 0.998809
669.684717 0.998988 0.998509
930.208183 0.999271 0.998926
936.535499 0.999276 0.998933
939.986763 0.999279 0.998937
825.676294 0.999179 0.998790
1118.508117 0.999494 0.999107
1116.092532 0.999493 0.999105
1274.445693 0.999608 0.999216
1042.149813 0.999521 0.999041
0.000000 1.000000 1.000000
0.000000 1.000000 1.000000
0.000000 1.000000 1.000000
0.000000 1.000000 1.000000
0.000000 1.000000 1.000000
0.000000 1.000000 1.000000
0.000000 1.000000 1.000000
0.000000 1.000000 0.999508
0.000000 1.000000 0.999333
0.000000 1.000000 0.999292
0.000000 1.000000 0.999172
0.000000 1.000000 0.998703
0.000000 1.000000 0.998527
0.000000 1.000000 0.998512
0.000000 1.000000 0.997481
0.000000 1.000000 0.997475
0.000000 1.000000 0.115385
0.000000 1.000000 0.473684
0.279070 0.218182 0.000000
0.000000 0.000000 0.000000
0.000000 0.000000 0.000000
0.000000 0.000000 0.000000
0.000000 1.000000 1.000000
0.000000 1.000000 1.000000
0.000000 1.000000 1.000000
0.000000 1.000000 0.000000
0.000000 1.000000 0.000000
0.000000 0.000000 0.000000
0.000000 0.224543 0.000000
0.000000 0.511905 0.000000
0.000000 1.000000 0.000000
0.000000 0.200000 0.000000
0.000000 0.000000 0.000000
0.000000 0.000000 0.000000
0.000000 0.000000 0.000000
21.063910 1.000000 0.954677
0.000000 1.000000 1.000000
0.000000 1.000000 1.000000
0.000000 1.000000 1.000000
0.000000 1.000000 1.000000
0.000000 1.000000 1.000000
0.000000 1.000000 1.000000
0.000000 0.000000 0.000000
0.000000 0.000000 0.000000
0.000000 0.500000 0.000000
0.630102 0.693271 0.000000
0.000000 1.000000 0.000000
0.000000 1.000000 0.000000
0.000000 1.000000 1.000000
0.000000 1.000000 1.000000
10.318966 0.941102 0.000000
7.060345 0.917291 0.000000
5.214080 0.892717 0.000000
2.389706 0.790179 0.000000
0.884358 0.622561 0.000000
0.036096 0.313548 0.000000
0.000000 0.288770 0.000000
0.000000 0.250000 0.000000
0.000000 0.000000 0.000000
0.000000 1.000000 0.000000
0.000000 0.000000 0.000000
0.000000 0.166667 0.000000
0.000000 1.000000 0.000000
0.000000 0.000000 0.000000
0.000000 1.000000 1.000000
0.000000 1.000000 1.000000
0.000000 1.000000 1.000000
1.823256 0.645799 0.000000
0.000000 0.000000 0.000000
0.000000 0.500000 0.000000
3.479070 0.776739 0.000000
0.425000 1.000000 0.000000
1.853240 0.974419 0.649521
7.411471 0.972280 0.881115
13.887850 1.000000 0.932831
0.000000 1.000000 1.000000
21.589147 1.000000 0.955731
5.906977 1.000000 0.855219
4.868217 1.000000 0.829590
0.126850 0.596623 0.112570
2.900634 0.883469 0.743631
6.381395 0.864524 0.864524
0.000000 1.000000 1.000000
0.000000 0.559508 0.000000
0.000000 0.288079 0.000000
0.000000 0.000000 0.000000
0.000000 0.000000 0.000000
0.512712 0.579832 0.000000
1.646667 0.622166 0.000000
0.000000 1.000000 0.000000
0.000000 1.000000 0.000000
0.000000 0.000000 0.000000
0.000000 0.000000 0.000000
0.000000 0.500000 0.000000
0.000000 0.000000 0.000000
41.313953 1.000000 0.976367
0.000000 1.000000 1.000000
0.000000 1.000000 1.000000
0.000000 1.000000 1.000000
0.000000 0.175775 0.000000
0.000000 0.200000 0.000000
0.000000 0.000000 0.000000
1.148837 0.534632 0.000000
0.000000 1.000000 0.000000
0.000000 1.000000 0.000000
0.000000 0.000000 0.000000
0.000000 1.000000 1.000000
0.000000 1.000000 1.000000
0.000000 1.000000 1.000000
0.000000 0.285714 0.000000
0.000000 0.000000 0.000000
0.000000 0.000000 0.000000
0.000000 0.000000 0.000000
0.000000 0.000000 0.000000
0.000000 0.000000 0.000000
0.000000 0.250000 0.000000
0.000000 0.236546 0.000000
0.000000 0.000000 0.000000
0.000000 0.000000 0.000000
0.000000 0.000000 0.000000
0.000000 0.500000 0.000000
0.000000 0.000000 0.000000
0.000000 0.000000 0.000000
0.000000 0.000000 0.000000
0.000000 0.000000 0.000000
0.219320 0.395117 0.000000
0.152769 0.371066 0.000000
0.160428 0.387097 0.000000
0.076203 0.339130 0.000000
0.036096 0.313548 0.000000
0.000000 0.250000 0.000000
0.000000 1.000000 0.000000
1.726402 0.739087 0.633216
11.794393 1.000000 0.921841
0.280374 1.000000 0.218978
0.000000 1.000000 1.000000
0.000000 0.500000 0.000000
0.056701 0.917073 0.000000
0.323529 0.622222 0.000000
0.000000 1.000000 0.000000
1.368217 1.000000 0.577741
0.953488 1.000000 0.488095
0.209302 1.000000 0.173077
0.000000 0.500000 0.000000
0.000000 1.000000 1.000000
0.000000 1.000000 1.000000
0.000000 1.000000 1.000000
0.000000 1.000000 0.000000
0.000000 1.000000 0.000000
10.460905 1.000000 0.000000
0.000000 1.000000 0.098546
0.000000 1.000000 0.129192
0.000000 1.000000 0.205387
0.000000 1.000000 0.236273
0.000000 1.000000 0.237062
0.000000 1.000000 0.267925
416.520599 0.998802 0.995999
837.664794 0.999404 0.998238
837.440075 0.999404 0.998506
837.288390 0.999404 0.998686
837.176030 0.999403 0.998686
1467.417603 0.999659 0.999084
0.000000 1.000000 0.999674
0.000000 1.000000 0.999767
0.000000 1.000000 0.999707
0.000000 1.000000 0.999257
0.000000 1.000000 0.999111
0.000000 1.000000 0.999194
0.000000 1.000000 0.998996
0.000000 1.000000 0.999275
0.000000 1.000000 0.999074
0.000000 1.000000 0.999125
0.000000 1.000000 0.999125
0.000000 1.000000 0.998970
0.000000 1.000000 0.998969
0.000000 1.000000 0.999667
0.000000 1.000000 0.999743
0.000000 1.000000 0.999671
0.000000 1.000000 0.999932
0.000000 1.000000 1.000000
0.000000 1.000000 1.000000
0.000000 1.000000 1.000000
0.000000 1.000000 1.000000
0.000000 1.000000 1.000000
0.000000 1.000000 1.000000
0.000000 1.000000 1.000000
0.000000 1.000000 1.000000
0.000000 1.000000 1.000000
0.000000 1.000000 1.000000
0.000000 1.000000 1.000000
0.000000 1.000000 1.000000
0.000000 1.000000 1.000000
0.000000 1.000000 1.000000
0.000000 1.000000 1.000000
0.000000 1.000000 0.999402
0.000000 1.000000 0.999016
0.000000 1.000000 0.999008
0.000000 1.000000 0.998837
0.000000 1.000000 0.998500
0.000000 1.000000 0.998498
0.000000 1.000000 0.997157
0.000000 1.000000 0.989106
0.000000 1.000000 0.000000
0.000000 1.000000 0.000000
0.000000 1.000000 1.000000
0.000000 1.000000 1.000000
0.000000 1.000000 0.000000
0.000000 0.000000 0.000000
0.000000 0.175775 0.000000
0.000000 0.200000 0.000000
0.000000 0.000000 0.000000
1.930233 0.658730 0.266667
1.148837 0.534632 0.000000
0.586047 0.369501 0.000000
0.000000 0.000000 0.000000
0.000000 0.000000 0.000000
0.000000 0.000000 0.000000
0.000000 0.000000 0.000000
0.000000 0.190687 0.000000
0.000000 0.000000 0.000000
0.000000 0.000000 0.000000
0.000000 0.000000 0.000000
0.000000 0.000000 0.000000
0.000000 0.394089 0.000000
0.000000 0.500000 0.000000
0.000000 0.000000 0.000000
0.000000 0.500000 0.000000
0.000000 0.000000 0.000000
0.000000 1.000000 1.000000
0.000000 1.000000 1.000000
0.000000 1.000000 1.000000
0.354885 0.507953 0.000000
0.084225 0.344020 0.000000
0.000000 0.288770 0.000000
0.000000 0.250000 0.000000
0.000000 0.000000 0.000000
0.000000 0.000000 0.000000
0.000000 0.288646 0.000000
0.000000 0.625731 0.000000
0.000000 0.000000 0.000000
0.000000 0.000000 0.000000
0.000000 0.000000 0.000000
0.000000 0.341716 0.000000
0.000000 0.500000 0.000000
0.164948 0.924779 0.000000
0.200000 1.000000 0.000000
0.000000 1.000000 0.000000
0.280374 0.218978 0.000000
0.000000 0.000000 0.000000
0.000000 1.000000 0.000000
0.000000 1.000000 0.000000
0.000000 0.375291 0.000000
0.000000 0.000000 0.000000
0.000000 0.000000 0.000000
0.000000 1.000000 0.000000
0.000000 1.000000 0.000000
0.000000 0.000000 0.000000
0.000000 0.000000 0.000000
0.000000 0.000000 0.000000
0.000000 0.500000 0.000000
0.000000 0.000000 0.000000
0.000000 0.000000 0.000000
0.000000 1.000000 0.000000
1.795349 0.642263 0.642263
0.000000 1.000000 1.000000
0.000000 1.000000 1.000000
0.000000 1.000000 0.000000
0.000000 0.000000 0.000000
0.000000 0.175775 0.000000
0.000000 0.000000 0.000000
0.000000 0.000000 0.000000
0.000000 1.000000 0.000000
0.000000 1.000000 0.000000
1.641860 0.621479 0.621479
0.000000 1.000000 1.000000
0.000000 1.000000 1.000000
0.000000 1.000000 1.000000
0.000000 0.000000 0.000000
0.000000 0.000000 0.000000
0.000000 1.000000 0.000000
0.736946 0.651163 0.000000
0.000000 0.394089 0.000000
0.000000 0.000000 0.000000
0.000000 0.322900 0.000000
0.165816 0.571116 0.000000
0.000000 1.000000 0.000000
0.000000 1.000000 0.000000
0.000000 0.000000 0.000000
0.000000 0.000000 0.000000
2.406667 0.706458 0.000000
0.000000 1.000000 0.000000
0.160428 0.387097 0.000000
0.076203 0.339130 0.000000
0.036096 0.313548 0.000000
0.000000 0.262454 0.000000
0.000000 0.210526 0.000000
0.000000 0.000000 0.000000
0.000000 0.000000 0.000000
0.000000 0.288646 0.000000
0.000000 0.166667 0.000000
0.000000 1.000000 1.000000
0.000000 1.000000 1.000000
0.000000 1.000000 1.000000
0.000000 0.500000 0.000000
0.053421 0.916815 0.050712
0.034091 1.000000 0.032967
0.000000 1.000000 1.000000
0.000000 1.000000 0.000000
0.000000 0.500000 0.000000
0.000000 1.000000 0.000000
0.000000 1.000000 0.000000
0.000000 1.000000 0.000000
0.000000 0.500000 0.000000
0.000000 0.200000 0.000000
2.872093 1.000000 0.000000
0.000000 1.000000 0.000000
0.000000 1.000000 0.000000
69.277778 0.985771 0.985771
0.833333 0.454545 0.454545
0.000000 0.000000 0.000000
0.000000 1.000000 1.000000
0.000000 1.000000 1.000000
0.000000 1.000000 1.000000
0.000000 0.000000 0.000000
0.000000 0.391389 0.000000
0.000000 0.000000 0.000000
0.000000 0.000000 0.000000
0.000000 0.500000 0.000000
0.000000 1.000000 0.000000
0.000000 1.000000 0.000000
0.084225 0.344020 0.000000
0.000000 0.288770 0.000000
0.000000 0.250000 0.000000
0.000000 0.000000 0.000000
0.000000 0.000000 0.000000
0.000000 0.268875 0.000000
0.000000 0.153449 0.000000
0.000000 0.166667 0.000000
0.000000 0.000000 0.000000
0.000000 0.000000 0.000000
0.046610 0.846154 0.000000
0.056701 0.917073 0.000000
0.068750 1.000000 0.000000
0.000000 1.000000 0.000000
1.641860 0.621479 0.621479
1.144186 0.533623 0.533623
0.000000 1.000000 1.000000
0.000000 0.674419 0.000000
0.000000 0.432347 0.000000
0.000000 0.000000 0.000000
0.000000 0.000000 0.000000
0.000000 0.000000 0.000000
0.000000 0.000000 0.000000
0.000000 0.000000 0.000000
0.000000 0.000000 0.000000
2.944186 0.746462 0.455189
0.000000 1.000000 0.609795
0.000000 1.000000 0.753906
0.000000 1.000000 0.662198
0.000000 1.000000 0.461538
0.000000 1.000000 0.000000
0.000000 0.000000 0.000000
0.000000 0.000000 0.000000
0.000000 0.000000 0.000000
0.000000 0.000000 0.000000
0.000000 0.500000 0.000000
0.000000 0.000000 0.000000
0.107692 0.277778 0.097222
0.781395 0.438642 0.438642
0.530233 0.346505 0.346505
0.000000 0.000000 0.000000
1.148837 0.534632 0.000000
0.000000 1.000000 0.000000
0.000000 1.000000 0.000000
0.000000 0.000000 0.000000
0.000000 1.000000 0.000000
0.000000 0.000000 0.000000
0.000000 0.000000 0.000000
0.000000 0.000000 0.000000
0.000000 0.000000 0.000000
0.000000 0.000000 0.000000
0.000000 0.394089 0.000000
0.000000 0.000000 0.000000
0.000000 0.000000 0.000000
0.401977 0.517039 0.000000
0.622449 0.691824 0.000000
0.456633 0.656743 0.000000
0.000000 1.000000 0.000000
0.000000 1.000000 0.000000
0.000000 0.000000 0.000000
3.327586 0.768924 0.768924
0.000000 1.000000 1.000000
0.000000 1.000000 1.000000
0.000000 1.000000 1.000000
0.000000 1.000000 0.000000
0.000000 0.676880 0.000000
0.000000 0.000000 0.000000
0.000000 1.000000 0.000000
0.000000 1.000000 0.000000
0.225000 0.387755 0.000000
0.000000 0.288770 0.000000
0.000000 0.333333 0.000000
0.000000 0.000000 0.000000
0.000000 0.000000 0.000000
0.000000 0.000000 0.000000
33.253333 0.970806 0.970806
0.000000 1.000000 1.000000
0.400000 0.285714 0.285714
0.000000 0.000000 0.000000
0.000000 0.277632 0.000000
0.000000 0.159265 0.000000
0.000000 0.166667 0.000000
0.000000 1.000000 0.000000
0.000000 0.838983 0.000000
0.000000 0.896040 0.000000
0.000000 1.000000 0.000000
0.000000 0.643016 0.000000
0.000000 0.500000 0.000000
0.000000 1.000000 0.000000
0.000000 1.000000 0.000000
0.000000 1.000000 0.000000
0.000000 1.000000 0.000000
0.000000 1.000000 0.000000
0.000000 1.000000 0.000000
0.000000 1.000000 0.000000
0.000000 0.690614 0.000000
0.000000 0.656371 0.000000
0.000000 1.000000 0.000000
0.000000 1.000000 0.000000
0.000000 1.000000 0.270955
0.000000 1.000000 1.000000
0.000000 1.000000 1.000000
0.000000 1.000000 1.000000
0.000000 0.000000 0.000000
0.000000 0.000000 0.000000
0.000000 0.200000 0.000000
0.000000 0.000000 0.000000
1.148837 0.534632 0.000000
0.586047 0.369501 0.000000
0.000000 1.000000 0.000000
0.000000 1.000000 1.000000
0.000000 1.000000 1.000000
0.000000 1.000000 1.000000
0.000000 0.000000 0.000000
0.000000 0.000000 0.000000
0.000000 0.000000 0.000000
0.000000 0.000000 0.000000
0.000000 0.000000 0.000000
0.000000 0.000000 0.000000
0.000000 0.500000 0.000000
0.000000 0.000000 0.000000
0.000000 0.000000 0.000000
0.000000 0.258917 0.000000
0.000000 0.361624 0.000000
0.000000 0.500000 0.000000
0.308750 0.426934 0.000000
0.157500 0.352052 0.000000
0.000000 0.288770 0.000000
0.000000 0.333333 0.000000
0.000000 0.000000 0.000000
0.000000 0.000000 0.000000
0.000000 0.476085 0.000000
0.000000 0.268875 0.000000
0.000000 0.153449 0.000000
0.000000 0.166667 0.000000
0.000000 0.000000 0.000000
1.803738 0.643333 0.643333
0.000000 1.000000 1.000000
0.000000 1.000000 1.000000
0.000000 1.000000 1.000000
0.045116 0.850874 0.000000
0.047978 0.831631 0.000000
0.000000 0.823553 0.000000
0.000000 0.896117 0.000000
0.000000 0.286667 0.000000
0.000000 0.000000 0.000000
0.000000 0.519713 0.000000
0.000000 0.643016 0.000000
0.000000 0.000000 0.000000
0.000000 1.000000 0.000000
0.000000 1.000000 0.000000
0.000000 0.000000 0.000000
0.000000 0.000000 0.000000
0.000000 0.390351 0.000000
0.000000 0.500000 0.000000
0.000000 0.000000 0.000000
0.000000 0.000000 0.000000
0.000000 0.000000 0.000000
0.000000 0.000000 0.000000
0.000000 1.000000 0.000000
0.000000 0.175775 0.000000
0.000000 0.200000 0.000000
0.000000 0.000000 0.000000
1.148837 0.534632 0.000000
0.586047 0.369501 0.000000
0.000000 0.000000 0.000000
0.000000 0.000000 0.000000
0.000000 1.000000 1.000000
0.000000 1.000000 1.000000
0.000000 1.000000 1.000000
0.000000 0.000000 0.000000
0.000000 0.394089 0.000000
0.000000 0.500000 0.000000
0.000000 0.000000 0.000000
0.000000 1.000000 0.000000
0.000000 1.000000 0.000000
0.000000 0.406926 0.000000
0.000000 0.285714 0.000000
0.000000 0.000000 0.000000
0.000000 1.000000 0.000000
0.000000 1.000000 0.000000
0.000000 1.000000 0.000000
0.157500 0.352052 0.000000
0.000000 0.288770 0.000000
0.000000 0.333333 0.000000
0.000000 1.000000 0.000000
0.000000 0.740484 0.000000
0.000000 0.740484 0.000000
0.000000 0.157218 0.000000
0.000000 0.166667 0.000000
0.000000 0.000000 0.000000
0.000000 0.000000 0.000000
0.164948 0.924779 0.000000
0.028116 0.914768 0.000000
0.034091 1.000000 0.000000
0.158866 0.910291 0.137087
0.764069 0.716564 0.433129
0.000000 1.000000 1.000000
0.000000 1.000000 1.000000
0.000000 1.000000 1.000000
0.000000 0.643016 0.000000
0.000000 1.000000 0.000000
0.000000 1.000000 1.000000
0.000000 1.000000 1.000000
0.000000 1.000000 1.000000
0.000000 1.000000 1.000000
0.000000 1.000000 1.000000
26.456853 0.813154 0.948483
26.456810 0.813154 0.948482
26.456802 0.813154 0.948482
26.456793 0.813154 0.948482
26.456791 0.813154 0.948482
26.456747 0.813153 0.948482
