0.000000 0.000000 1.000000
0.000000 0.000000 1.000000
0.446281 0.000000 0.308571
0.223140 0.000000 0.182432
5.622951 0.000000 0.849010
4.437919 0.000000 0.816106
4.232000 0.000000 0.808869
5.568421 0.000000 0.847756
15.029570 0.000000 0.937615
13.510753 0.000000 0.931086
13.220430 0.000000 0.929679
8.214286 0.000000 0.891473
8.107143 0.000000 0.890196
9.510791 0.000000 0.904860
9.669065 0.000000 0.906271
32.603015 0.000000 0.970241
46.014184 0.000000 0.978730
33.241135 0.000000 0.970795
41.515038 0.000000 0.976479
28.226757 0.000000 0.965785
37.601375 0.000000 0.974094
22.340136 0.000000 0.950743
28.313846 0.000000 0.958959
52.030769 0.000000 0.977314
51.236923 0.000000 0.976969
108.740000 0.000000 0.986878
108.220000 0.000000 0.986816
40.225180 0.621976 0.970061
40.224773 0.621982 0.970061
40.224760 0.621982 0.970060
40.224755 0.621982 0.970061
40.224725 0.621983 0.970061
40.224701 0.621983 0.970061
40.225100 0.621984 0.970061
40.224987 0.621985 0.970061
40.224523 0.621992 0.970060
40.224519 0.621993 0.970060
40.224339 0.621995 0.970060
0.000000 0.000000 0.000000
0.000000 0.000000 1.000000
0.000000 0.000000 1.000000
0.000000 0.000000 1.000000
0.000000 0.000000 0.000000
12.135290 0.000000 0.920272
12.882219 0.000000 0.924353
15.342081 0.000000 0.935153
21.868313 0.000000 0.953302
23.704116 0.000000 0.956549
37.451670 0.000000 0.970977
38.483304 0.000000 0.971735
38.272408 0.000000 0.971583
44.133197 0.000000 0.974847
86.877551 0.000000 0.988621
89.779592 0.000000 0.988984
127.883721 0.000000 0.992241
199.010870 0.000000 0.995000
177.576087 0.000000 0.994400
147.021739 0.000000 0.993244
155.282609 0.000000 0.993601
145.760870 0.000000 0.993186
94.097826 0.000000 0.989485
150.369565 0.000000 0.993394
143.336957 0.000000 0.993072
143.336957 0.000000 0.993072
50.463415 0.000000 0.980569
47.134146 0.000000 0.979225
46.914634 0.000000 0.979130
70.500000 0.000000 0.986014
70.928571 0.000000 0.986097
65.525974 0.000000 0.984968
45.008969 0.000000 0.978265
26.692513 0.000000 0.963889
2.716578 0.000000 0.730935
1.438503 0.000000 0.589912
14.719251 0.000000 0.936384
18.639344 0.000000 0.949082
25.840909 0.000000 0.962743
26.886364 0.000000 0.964140
26.340909 0.000000 0.963425
30.127273 0.000000 0.967874
49.452675 0.000000 0.980179
131.206522 0.000000 0.992436
137.032609 0.000000 0.992755
136.445652 0.000000 0.992724
148.000000 0.000000 0.993289
211.586957 0.000000 0.995296
274.500000 0.000000 0.996370
395.945652 0.000000 0.997481
337.369565 0.000000 0.997045
0.000000 0.000000 1.000000
0.000000 0.000000 1.000000
0.000000 0.000000 1.000000
263.973684 0.000000 0.996226
105.862434 0.000000 0.990642
36.241645 0.000000 0.973148
21.017995 0.000000 0.954583
6.670951 0.000000 0.869638
8.768638 0.000000 0.897632
8.488432 0.000000 0.894609
8.318766 0.000000 0.892690
8.488432 0.000000 0.894609
8.341853 0.000000 0.892955
12.785000 0.000000 0.927457
0.000000 0.000000 1.000000
0.000000 0.000000 1.000000
30.807229 0.000000 0.968561
14.115385 0.000000 0.909851
11.945055 0.000000 0.894737
3.000000 0.000000 0.659341
2.934066 0.000000 0.653631
3.247706 0.000000 0.728942
3.518414 0.000000 0.737304
7.767717 0.000000 0.885945
25.637795 0.000000 0.962459
25.212598 0.000000 0.961850
24.740157 0.000000 0.961150
39.651685 0.000000 0.975401
0.000000 0.000000 1.000000
45.933333 0.000000 0.978693
40.980000 0.000000 0.976179
11.486667 0.000000 0.919915
11.086667 0.000000 0.917264
9.006667 0.000000 0.900067
1.973333 0.000000 0.663677
1.606667 0.000000 0.616368
1.166667 0.000000 0.538462
0.000000 0.000000 1.000000
0.000000 0.000000 1.000000
0.000000 0.000000 1.000000
0.806667 0.000000 0.446494
0.440000 0.000000 0.305556
0.000000 0.000000 0.000000
0.806667 0.000000 0.446494
1.613333 0.000000 0.617347
0.440000 0.000000 0.305556
19.920930 0.000000 0.952201
31.783972 0.000000 0.969497
17.425087 0.000000 0.945726
22.527027 0.000000 0.957496
29.067568 0.000000 0.966742
80.945946 0.000000 0.987797
333.226667 0.000000 0.997008
485.200000 0.000000 0.997943
485.200000 0.000000 0.997943
0.000000 0.000000 1.000000
0.000000 0.000000 1.000000
0.000000 0.000000 1.000000
386.540000 0.000000 0.997420
376.793333 0.000000 0.997353
325.873333 0.000000 0.996941
254.513333 0.000000 0.996086
183.153333 0.000000 0.994570
172.393333 0.000000 0.994233
101.033333 0.000000 0.990199
8.873333 0.000000 0.898717
0.800000 0.000000 0.444444
1.018051 0.000000 0.386404
0.679435 0.000000 0.325330
0.608014 0.000000 0.306609
0.447398 0.000000 0.309105
0.311856 0.000000 0.237721
0.889435 0.000000 0.470741
0.380421 0.000000 0.275583
0.380421 0.000000 0.275583
0.421125 0.000000 0.296332
0.507438 0.000000 0.336623
0.767500 0.000000 0.434229
0.285714 0.000000 0.222222
7.178187 0.000000 0.877724
19.860558 0.000000 0.952063
22.585657 0.000000 0.937162
32.768786 0.000000 0.949675
0.000000 0.000000 0.994166
0.000000 0.000000 0.993692
0.000000 0.000000 0.994497
0.000000 0.000000 0.996864
0.000000 0.000000 1.000000
0.000000 0.000000 1.000000
0.000000 0.000000 1.000000
0.000000 0.000000 1.000000
0.000000 0.000000 1.000000
0.000000 0.000000 1.000000
0.000000 0.000000 1.000000
0.000000 0.000000 1.000000
0.000000 0.000000 1.000000
2.412088 0.000000 0.706924
1.458333 0.000000 0.593220
0.530449 0.000000 0.346597
0.827434 0.000000 0.452785
0.653740 0.000000 0.395310
0.737500 0.000000 0.424460
0.992620 0.000000 0.498148
1.169565 0.000000 0.539078
1.921429 0.000000 0.657702
5.434343 0.000000 0.844584
5.173387 0.000000 0.838014
2.487730 0.000000 0.713281
1.532922 0.000000 0.605199
2.578431 0.000000 0.720548
19.359873 0.000000 0.950884
17.923567 0.000000 0.947156
28.315126 0.000000 0.965888
42.456250 0.000000 0.976988
0.000000 0.000000 1.000000
0.000000 0.000000 1.000000
0.000000 0.000000 1.000000
0.000000 0.000000 1.000000
0.000000 0.000000 1.000000
0.000000 0.000000 1.000000
0.000000 0.000000 1.000000
0.000000 0.000000 1.000000
0.000000 0.000000 1.000000
0.000000 0.000000 1.000000
0.000000 0.000000 1.000000
255.371795 0.000000 0.996099
216.064103 0.000000 0.995393
176.333333 0.000000 0.994361
146.679487 0.000000 0.993229
119.730769 0.000000 0.991717
70.423077 0.000000 0.985999
3.211538 0.000000 0.762557
0.692308 0.000000 0.409091
0.775641 0.000000 0.436823
0.834483 0.000000 0.454887
0.455172 0.000000 0.312796
0.000000 0.000000 0.000000
0.000000 0.000000 0.000000
0.000000 0.000000 0.000000
0.770701 0.000000 0.435252
0.902985 0.000000 0.474510
0.492537 0.000000 0.330000
0.410448 0.000000 0.291005
7.536232 0.000000 0.205433
11.152174 0.000000 0.216458
10.554348 0.000000 0.175917
9.836957 0.000000 0.121364
7.815217 0.000000 0.149199
5.500000 0.000000 0.202341
4.902174 0.000000 0.121547
2.478261 0.000000 0.000000
0.814815 0.000000 0.000000
0.000000 0.000000 0.000000
0.000000 0.000000 0.000000
22.980000 0.000000 0.958299
0.000000 0.000000 1.000000
0.000000 0.000000 1.000000
24.726667 0.000000 0.961130
8.720000 0.000000 0.897119
6.743363 0.000000 0.870857
6.504425 0.000000 0.866745
4.995575 0.000000 0.833210
2.172727 0.000000 0.684814
2.292727 0.000000 0.696300
2.062674 0.000000 0.673488
52.926184 0.000000 0.981456
65.845554 0.000000 0.985040
107.916244 0.000000 0.990819
197.307107 0.000000 0.994957
497.704918 0.000000 0.997995
566.434426 0.000000 0.998238
937.760479 0.000000 0.998935
0.000000 0.000000 1.000000
0.000000 0.000000 1.000000
1214.706667 0.000000 0.999177
1193.546667 0.000000 0.999163
1175.280000 0.000000 0.999150
1103.920000 0.000000 0.999095
1042.600000 0.000000 0.999042
991.320000 0.000000 0.998992
457.689320 0.000000 0.997820
441.708738 0.000000 0.997741
407.067961 0.000000 0.997549
367.378641 0.000000 0.997285
327.689320 0.000000 0.996958
306.524272 0.000000 0.996748
242.291262 0.000000 0.995890
225.776699 0.000000 0.995590
186.087379 0.000000 0.994655
141.524272 0.000000 0.992984
111.757282 0.000000 0.991131
62.320388 0.000000 0.984207
30.682848 0.000000 0.968437
0.634304 0.000000 0.388119
1.232704 0.000000 0.552113
0.000000 0.000000 0.000000
11.368664 0.000000 0.919151
45.447761 0.000000 0.978470
45.268657 0.000000 0.978387
34.955224 0.000000 0.972188
15.613333 0.000000 0.939807
4.805785 0.000000 0.827758
3.280992 0.000000 0.766409
3.057851 0.000000 0.753564
2.834711 0.000000 0.739224
2.611570 0.000000 0.723112
0.223140 0.000000 0.182432
0.272727 0.000000 0.000000
0.717391 0.000000 0.000000
0.440000 0.000000 0.000000
0.000000 0.000000 0.000000
16.611702 0.000000 0.943220
19.963983 0.000000 0.952299
23.735516 0.000000 0.959572
39.099585 0.000000 0.975062
62.380000 0.000000 0.984222
59.866667 0.000000 0.983571
29.793333 0.000000 0.967525
28.813333 0.000000 0.966458
58.343750 0.000000 0.983149
48.109375 0.000000 0.979637
44.984375 0.000000 0.978253
1.687500 0.000000 0.627907
0.843750 0.000000 0.457627
0.214286 0.000000 0.176471
0.092697 0.000000 0.084833
0.103774 0.000000 0.094017
0.666244 0.000000 0.399848
0.470287 0.000000 0.319861
0.493018 0.000000 0.330216
0.616197 0.000000 0.333333
1.691489 0.000000 0.595850
1.542553 0.000000 0.572176
1.570479 0.000000 0.576824
2.080224 0.000000 0.635373
1.827869 0.000000 0.608116
2.770142 0.000000 0.693275
4.830579 0.000000 0.781715
4.061983 0.000000 0.802449
1.694215 0.000000 0.628834
1.471074 0.000000 0.595318
2.373333 0.000000 0.703557
0.360000 0.000000 0.264706
0.000000 0.000000 1.000000
2.160000 0.000000 0.683544
12.005263 0.000000 0.923108
12.068421 0.000000 0.923480
2.552953 0.000000 0.718544
6.825698 0.000000 0.872216
5.502203 0.000000 0.846206
5.419231 0.000000 0.844218
6.627492 0.000000 0.868895
16.394544 0.000000 0.942511
22.643478 0.000000 0.957705
62.500000 0.000000 0.984252
30.026769 0.000000 0.967770
27.984252 0.000000 0.965499
54.911765 0.000000 0.982115
54.688854 0.000000 0.982043
66.791829 0.000000 0.985249
76.239300 0.000000 0.987053
76.110895 0.000000 0.987032
64.180934 0.000000 0.984658
58.725681 0.000000 0.983257
58.492218 0.000000 0.983191
58.887160 0.000000 0.983302
76.050251 0.000000 0.987021
138.096234 0.000000 0.992811
113.811715 0.000000 0.991290
401.281250 0.000000 0.997514
0.000000 0.000000 1.000000
267.152174 0.000000 0.996271
263.445652 0.000000 0.996219
230.706522 0.000000 0.995684
67.402516 0.000000 0.985381
66.270440 0.000000 0.985135
81.937107 0.000000 0.987943
71.786164 0.000000 0.986261
45.685535 0.000000 0.978580
43.421384 0.000000 0.977488
40.031447 0.000000 0.975628
22.817610 0.000000 0.958014
26.327044 0.000000 0.963406
25.113208 0.000000 0.961705
59.597015 0.000000 0.983498
58.791045 0.000000 0.983275
0.000000 0.000000 1.000000
0.000000 0.000000 1.000000
344.695652 0.000000 0.997107
7.228727 0.000000 0.878475
15.989883 0.000000 0.941141
16.892078 0.000000 0.944109
13.979334 0.000000 0.933241
12.229621 0.000000 0.924412
11.642939 0.000000 0.920904
15.870110 0.000000 0.940724
52.223459 0.000000 0.981211
45.705840 0.000000 0.978589
84.910317 0.000000 0.988360
117.400171 0.000000 0.991554
143.360173 0.000000 0.993073
198.583135 0.000000 0.994597
297.062232 0.000000 0.996170
290.482833 0.000000 0.996083
325.993644 0.000000 0.996514
384.201271 0.000000 0.997041
461.512712 0.000000 0.997536
1286.682635 0.000000 0.998916
1204.550898 0.000000 0.998843
1140.131737 0.000000 0.998777
1070.802395 0.000000 0.998698
971.389222 0.000000 0.998565
907.293413 0.000000 0.998464
824.838323 0.000000 0.998311
1308.673913 0.000000 0.999236
1209.869565 0.000000 0.999174
662.869048 0.000000 0.998494
662.154762 0.000000 0.998492
580.190476 0.000000 0.998279
508.154762 0.000000 0.998036
417.226190 0.000000 0.997609
371.440476 0.000000 0.997315
255.250000 0.000000 0.996098
173.285714 0.000000 0.994262
109.571429 0.000000 0.990956
54.821429 0.000000 0.982086
45.535714 0.000000 0.978511
5.279762 0.000000 0.840758
4.601190 0.000000 0.821467
4.601190 0.000000 0.821467
4.279762 0.000000 0.810598
8.312500 0.000000 0.892617
0.000000 0.000000 1.000000
0.000000 0.000000 1.000000
4.761456 0.000000 0.826433
2.377416 0.000000 0.703916
1.538372 0.000000 0.606047
17.127892 0.000000 0.944836
18.734759 0.000000 0.949328
18.694457 0.000000 0.949224
22.618500 0.000000 0.957660
23.004639 0.000000 0.958341
22.667471 0.000000 0.957748
32.295362 0.000000 0.969966
36.692348 0.000000 0.973469
120.777647 0.000000 0.991788
955.309322 0.000000 0.998954
2670.977528 0.000000 0.999626
2756.797753 0.000000 0.999637
0.000000 0.000000 1.000000
0.000000 0.000000 1.000000
0.000000 0.000000 1.000000
605.190981 0.000000 0.998350
610.045093 0.000000 0.998363
620.877984 0.000000 0.998392
595.668435 0.000000 0.998324
566.055703 0.000000 0.998237
469.931718 0.000000 0.997877
729.279736 0.000000 0.998631
719.090308 0.000000 0.998611
708.900881 0.000000 0.998591
705.226872 0.000000 0.998584
742.103524 0.000000 0.998654
718.896476 0.000000 0.998611
706.165198 0.000000 0.998586
686.447137 0.000000 0.998545
720.348018 0.000000 0.998614
593.091575 0.000000 0.998317
609.882784 0.000000 0.998363
580.091575 0.000000 0.998279
1826.923077 0.000000 0.999453
1647.538462 0.000000 0.999393
1629.396450 0.000000 0.999387
2993.130435 0.000000 0.999666
2843.456522 0.000000 0.999648
2660.456522 0.000000 0.999624
2560.478261 0.000000 0.999610
2293.869565 0.000000 0.999564
2177.521739 0.000000 0.999541
1961.195652 0.000000 0.999490
1878.173913 0.000000 0.999468
1712.130435 0.000000 0.999416
1629.782609 0.000000 0.999387
1548.043478 0.000000 0.999354
1399.543478 0.000000 0.999286
1118.695652 0.000000 0.999107
1066.869565 0.000000 0.999064
1048.500000 0.000000 0.999047
990.913043 0.000000 0.998992
939.347826 0.000000 0.998937
0.000000 0.000000 1.000000
0.000000 0.000000 1.000000
0.000000 0.000000 1.000000
503.777778 0.000000 0.998019
605.333333 0.000000 0.998351
757.377778 0.000000 0.998681
833.311111 0.000000 0.998801
816.100000 0.000000 0.998776
782.505556 0.000000 0.998724
706.305556 0.000000 0.998586
604.705556 0.000000 0.998349
469.338889 0.000000 0.997874
427.205556 0.000000 0.997665
426.905556 0.000000 0.997663
534.841912 0.000000 0.998134
829.931579 0.000000 0.998797
1630.967391 0.000000 0.999387
1481.293478 0.000000 0.999325
1281.923913 0.000000 0.999221
1165.576087 0.000000 0.999143
949.250000 0.000000 0.998948
882.010870 0.000000 0.998868
881.804348 0.000000 0.998867
1793.282609 0.000000 0.999443
106.107817 0.000000 0.990664
98.240566 0.000000 0.989923
94.108491 0.000000 0.989486
85.026580 0.000000 0.988376
75.134339 0.000000 0.986865
23.215757 0.000000 0.958705
10.896831 0.000000 0.915944
14.715266 0.000000 0.936368
13.994701 0.000000 0.933310
13.326529 0.000000 0.930199
12.527536 0.000000 0.926077
11.340775 0.000000 0.918968
9.369093 0.000000 0.903560
9.040306 0.000000 0.900401
7.926655 0.000000 0.887976
9.787284 0.000000 0.907298
14.645428 0.000000 0.936084
18.474959 0.000000 0.948652
19.227913 0.000000 0.950563
23.576561 0.000000 0.959311
37.387664 0.000000 0.973950
40.066078 0.000000 0.975649
84.640594 0.000000 0.988323
82.350495 0.000000 0.988002
74.042574 0.000000 0.986674
182.254130 0.000000 0.994543
160.930114 0.000000 0.993824
202.669027 0.000000 0.995090
208.881633 0.000000 0.995235
131.727156 0.000000 0.992466
133.665380 0.000000 0.992574
160.960000 0.000000 0.993826
210.111293 0.000000 0.995263
224.639935 0.000000 0.995568
156.471360 0.000000 0.993650
128.445161 0.000000 0.992275
126.957604 0.000000 0.992185
113.311521 0.000000 0.991252
103.545622 0.000000 0.990435
88.487558 0.000000 0.988825
61.198753 0.000000 0.983923
39.677475 0.000000 0.975416
42.089963 0.000000 0.976793
45.740339 0.000000 0.978605
39.017448 0.000000 0.975011
50.726780 0.000000 0.980668
50.690169 0.000000 0.980654
36.405500 0.000000 0.973266
37.524775 0.000000 0.974043
36.573198 0.000000 0.973385
31.394144 0.000000 0.969130
21.944820 0.000000 0.956417
25.160749 0.000000 0.961775
24.179724 0.000000 0.960286
22.571719 0.000000 0.957576
22.271313 0.000000 0.957029
26.676497 0.000000 0.963868
36.546651 0.000000 0.973366
37.376794 0.000000 0.973943
36.982057 0.000000 0.973672
44.351675 0.000000 0.977950
49.904306 0.000000 0.980355
86.180294 0.000000 0.988530
85.314465 0.000000 0.988414
89.067086 0.000000 0.988897
156.148148 0.000000 0.993637
154.148148 0.000000 0.993555
153.772727 0.000000 0.993539
100.313433 0.000000 0.990130
92.305970 0.000000 0.989283
263.173913 0.000000 0.996215
272.500000 0.000000 0.996344
307.054348 0.000000 0.996754
306.467391 0.000000 0.996748
273.804348 0.000000 0.996361
188.717391 0.000000 0.994729
188.130435 0.000000 0.994713
155.500000 0.000000 0.993610
149.565217 0.000000 0.993358
102.006667 0.000000 0.990292
101.646667 0.000000 0.990258
100.926667 0.000000 0.990189
78.733333 0.000000 0.987458
59.153333 0.000000 0.983376
41.433333 0.000000 0.976434
26.126667 0.000000 0.963136
3.826446 0.000000 0.792808
0.669421 0.000000 0.400990
0.446281 0.000000 0.308571
0.132029 0.000000 0.116631
0.000000 0.000000 0.000000
0.000000 0.000000 0.000000
5.496815 0.000000 0.824510
4.059448 0.000000 0.774654
5.277078 0.000000 0.814205
31.100756 0.000000 0.963669
31.218045 0.000000 0.963827
33.817043 0.000000 0.966527
38.283208 0.000000 0.970333
47.145062 0.000000 0.974998
48.802469 0.000000 0.975830
66.922840 0.000000 0.982278
112.292000 0.000000 0.988843
25.789134 0.000000 0.962671
27.165503 0.000000 0.964496
24.388437 0.000000 0.960612
24.125565 0.000000 0.960200
16.593041 0.000000 0.926735
12.099144 0.000000 0.902859
11.970756 0.000000 0.901897
12.770229 0.000000 0.906203
11.968702 0.000000 0.897228
11.927481 0.000000 0.896900
9.968886 0.000000 0.880071
9.493488 0.000000 0.874638
4.978292 0.000000 0.779956
0.354559 0.000000 0.028846
0.897436 0.000000 0.052124
0.798535 0.000000 0.000000
0.925690 0.000000 0.000000
1.188011 0.000000 0.000000
0.248848 0.000000 0.000000
0.355263 0.000000 0.000000
0.750000 0.000000 0.000000
0.000000 0.000000 0.000000
4.332454 0.000000 0.812469
0.000000 0.000000 0.000000
0.750000 0.000000 0.428571
0.108871 0.000000 0.098182
0.000000 0.000000 0.000000
0.000000 0.000000 0.000000
1.287425 0.000000 0.562827
3.094421 0.000000 0.755765
3.733906 0.000000 0.788758
2.909871 0.000000 0.744237
9.506438 0.000000 0.904820
9.274678 0.000000 0.902673
8.644000 0.000000 0.896309
23.489130 0.000000 0.959166
21.163043 0.000000 0.954880
10.702532 0.000000 0.914548
0.000000 0.000000 0.000000
1.636364 0.000000 0.620690
2.478261 0.000000 0.506250
1.233696 0.000000 0.131387
1.168478 0.000000 0.270677
3.451737 0.000000 0.635733
3.451737 0.000000 0.635733
3.038610 0.000000 0.700765
8.233533 0.000000 0.856680
7.586826 0.000000 0.883543
11.401198 0.000000 0.919363
7.658683 0.000000 0.884509
13.598802 0.000000 0.931501
43.227545 0.000000 0.977390
46.251497 0.000000 0.978837
46.251497 0.000000 0.978837
81.808383 0.000000 0.987924
0.000000 0.000000 1.000000
158.684783 0.000000 0.993738
147.315217 0.000000 0.993258
52.281853 0.000000 0.981232
35.405405 0.000000 0.972532
31.833977 0.000000 0.969544
31.579151 0.000000 0.969306
41.413127 0.000000 0.976422
39.988417 0.000000 0.975603
17.861004 0.000000 0.946981
38.419162 0.000000 0.974632
13.300948 0.000000 0.930075
13.662000 0.000000 0.931796
14.206000 0.000000 0.934236
13.106545 0.000000 0.929111
6.622244 0.000000 0.868805
8.049634 0.000000 0.889498
13.206672 0.000000 0.929611
13.565500 0.000000 0.931345
13.775427 0.000000 0.932320
15.051261 0.000000 0.937700
18.924025 0.000000 0.949809
25.209877 0.000000 0.961846
23.613169 0.000000 0.959371
21.252132 0.000000 0.955060
21.732070 0.000000 0.956009
24.167169 0.000000 0.960266
24.167169 0.000000 0.960266
49.681115 0.000000 0.980269
51.439628 0.000000 0.980930
96.744565 0.000000 0.989769
99.679348 0.000000 0.990067
79.086957 0.000000 0.987514
68.913043 0.000000 0.985697
35.527174 0.000000 0.972623
32.516304 0.000000 0.970164
26.250000 0.000000 0.963303
20.293478 0.000000 0.953037
20.293478 0.000000 0.953037
17.250000 0.000000 0.945205
34.500000 0.000000 0.971831
33.923913 0.000000 0.971366
11.597826 0.000000 0.920621
0.000000 0.000000 1.000000
0.000000 0.000000 1.000000
0.000000 0.000000 1.000000
0.000000 0.000000 1.000000
1.216401 0.000000 0.480987
2.061776 0.000000 0.590164
2.552124 0.000000 0.718478
0.745174 0.000000 0.426991
2.097826 0.000000 0.677193
2.573333 0.000000 0.720149
0.000000 0.000000 0.000000
11.000000 0.000000 0.916667
17.383234 0.000000 0.945603
5.067692 0.000000 0.835193
4.901538 0.000000 0.830553
2.575385 0.000000 0.720310
8.898734 0.000000 0.898977
18.810127 0.000000 0.949521
223.665236 0.000000 0.995549
891.275449 0.000000 0.998879
581.964981 0.000000 0.998285
576.326848 0.000000 0.998268
327.335484 0.000000 0.996954
326.133333 0.000000 0.996943
326.032258 0.000000 0.996942
332.574194 0.000000 0.997002
317.711828 0.000000 0.996862
325.094624 0.000000 0.996933
324.501075 0.000000 0.996928
315.844398 0.000000 0.996844
290.439834 0.000000 0.996569
265.112033 0.000000 0.996242
257.622407 0.000000 0.996133
235.846473 0.000000 0.995778
183.729021 0.000000 0.994587
172.118750 0.000000 0.994224
133.964583 0.000000 0.992591
59.114583 0.000000 0.983365
42.722917 0.000000 0.977129
43.777083 0.000000 0.977667
31.349014 0.000000 0.969087
43.516696 0.000000 0.977537
36.014060 0.000000 0.972983
65.191136 0.000000 0.984892
51.805740 0.000000 0.981063
50.814570 0.000000 0.980700
51.280353 0.000000 0.980872
49.635762 0.000000 0.980251
49.516556 0.000000 0.980205
66.988920 0.000000 0.985292
69.457064 0.000000 0.985807
103.749077 0.000000 0.990453
103.350554 0.000000 0.990417
91.018450 0.000000 0.989133
99.977860 0.000000 0.990097
305.630435 0.000000 0.996739
289.391304 0.000000 0.996556
256.326087 0.000000 0.996114
0.000000 0.000000 1.000000
0.000000 0.000000 1.000000
383.210526 0.000000 0.997397
131.486486 0.000000 0.992452
117.783784 0.000000 0.991581
138.761261 0.000000 0.992845
121.045045 0.000000 0.991806
125.882883 0.000000 0.992119
112.423423 0.000000 0.991183
69.030769 0.000000 0.985721
53.365672 0.000000 0.981606
43.761438 0.000000 0.977659
44.810458 0.000000 0.978171
41.464052 0.000000 0.976451
37.282638 0.000000 0.973878
42.242881 0.000000 0.976875
45.174204 0.000000 0.978343
36.994194 0.000000 0.973680
35.930334 0.000000 0.972922
36.036284 0.000000 0.972999
41.152395 0.000000 0.976277
93.548944 0.000000 0.989423
128.144000 0.000000 0.992257
121.533333 0.000000 0.991839
184.143813 0.000000 0.994599
283.193980 0.000000 0.996481
1137.293478 0.000000 0.999121
1270.271739 0.000000 0.999213
731.216667 0.000000 0.998634
721.127778 0.000000 0.998615
1475.034091 0.000000 0.999323
544.823529 0.000000 0.998168
533.584034 0.000000 0.998129
531.231092 0.000000 0.998121
499.189076 0.000000 0.997446
451.806723 0.000000 0.997179
445.529412 0.000000 0.997139
407.386555 0.000000 0.996872
299.033613 0.000000 0.995743
279.924370 0.000000 0.995453
176.147239 0.000000 0.993212
157.337423 0.000000 0.992406
110.478528 0.000000 0.989214
41.086066 0.000000 0.973026
59.792500 0.000000 0.980836
52.187500 0.000000 0.978096
59.717500 0.000000 0.980813
70.627500 0.000000 0.983735
49.708995 0.000000 0.977984
49.592593 0.000000 0.980234
49.592593 0.000000 0.980234
51.271605 0.000000 0.980869
43.931715 0.000000 0.977744
43.931715 0.000000 0.977744
50.702277 0.000000 0.980658
52.959720 0.000000 0.981468
73.936430 0.000000 0.986655
73.293399 0.000000 0.986540
74.122249 0.000000 0.986688
99.397683 0.000000 0.990040
86.200772 0.000000 0.988532
275.739130 0.000000 0.996386
282.543478 0.000000 0.996473
279.630435 0.000000 0.996437
261.032609 0.000000 0.996184
0.000000 0.000000 1.000000
106.733333 0.000000 0.990718
143.048889 0.000000 0.993058
399.342222 0.000000 0.997502
504.466667 0.000000 0.998022
592.422222 0.000000 0.998315
629.382222 0.000000 0.998414
311.871681 0.000000 0.996804
442.457680 0.000000 0.997745
428.238245 0.000000 0.997670
433.830721 0.000000 0.997700
415.711599 0.000000 0.997600
372.432602 0.000000 0.997322
352.721003 0.000000 0.997173
208.676113 0.000000 0.995231
151.712551 0.000000 0.993452
95.738235 0.000000 0.989663
100.064706 0.000000 0.990105
90.817647 0.000000 0.989109
77.061765 0.000000 0.987190
65.829412 0.000000 0.985037
56.714706 0.000000 0.982673
50.252941 0.000000 0.980489
36.305882 0.000000 0.973195
46.727941 0.000000 0.979048
41.859438 0.000000 0.976668
51.669983 0.000000 0.981014
51.560531 0.000000 0.980974
72.315068 0.000000 0.986360
64.780822 0.000000 0.984798
70.499022 0.000000 0.986014
100.196429 0.000000 0.990118
258.866667 0.000000 0.996152
233.446667 0.000000 0.995735
216.900000 0.000000 0.995411
226.026667 0.000000 0.995595
167.506667 0.000000 0.994066
0.000000 0.000000 1.000000
0.000000 0.000000 1.000000
0.000000 0.000000 1.000000
0.000000 0.000000 1.000000
181.433333 0.000000 0.994519
151.880000 0.000000 0.993459
246.128099 0.000000 0.995954
382.442149 0.000000 0.997392
381.995868 0.000000 0.997389
331.946108 0.000000 0.996997
383.916168 0.000000 0.997402
421.946108 0.000000 0.997636
432.961078 0.000000 0.997696
425.829341 0.000000 0.997657
339.565947 0.000000 0.997064
336.558753 0.000000 0.997038
335.109785 0.000000 0.997025
335.281623 0.000000 0.997026
337.510740 0.000000 0.997046
328.212411 0.000000 0.996962
402.155963 0.000000 0.997520
349.917431 0.000000 0.997150
311.458716 0.000000 0.996800
267.880734 0.000000 0.996281
227.510703 0.000000 0.995624
163.674185 0.000000 0.993927
131.260652 0.000000 0.992439
115.756892 0.000000 0.991435
58.682035 0.000000 0.983245
57.985692 0.000000 0.983047
38.821040 0.000000 0.974888
30.814994 0.000000 0.968568
24.858525 0.000000 0.961328
34.982527 0.000000 0.972209
38.714527 0.000000 0.974820
43.785473 0.000000 0.977671
38.667230 0.000000 0.974790
48.626689 0.000000 0.979850
43.488176 0.000000 0.977522
47.665541 0.000000 0.979452
70.920561 0.000000 0.986096
63.813084 0.000000 0.984571
153.303030 0.000000 0.993519
137.939394 0.000000 0.992803
0.000000 0.000000 1.000000
0.000000 0.000000 1.000000
200.533333 0.000000 0.995038
106.055195 0.000000 0.990659
96.081169 0.000000 0.989699
60.284211 0.000000 0.983683
59.501053 0.000000 0.983471
59.614737 0.000000 0.983502
55.968421 0.000000 0.982446
51.218947 0.000000 0.980850
59.446316 0.000000 0.983456
57.452632 0.000000 0.982892
57.338947 0.000000 0.982859
85.526154 0.000000 0.988443
169.191617 0.000000 0.994124
43.132275 0.000000 0.977341
58.322500 0.000000 0.983143
65.927500 0.000000 0.985058
61.611588 0.000000 0.984029
68.147874 0.000000 0.985538
136.652495 0.000000 0.992735
162.249538 0.000000 0.993874
183.883549 0.000000 0.994591
192.330869 0.000000 0.994828
997.737589 0.000000 0.998999
1069.255319 0.000000 0.999066
989.437908 0.000000 0.998990
615.608163 0.000000 0.998378
615.387755 0.000000 0.998378
590.359184 0.000000 0.998309
401.389381 0.000000 0.997515
314.658933 0.000000 0.996832
350.325843 0.000000 0.997154
286.098315 0.000000 0.996517
280.823034 0.000000 0.996452
259.216292 0.000000 0.996157
192.709677 0.000000 0.994838
168.046083 0.000000 0.994084
171.460829 0.000000 0.994202
119.605705 0.000000 0.991709
93.360738 0.000000 0.989402
70.057047 0.000000 0.985927
62.810403 0.000000 0.984329
60.192953 0.000000 0.983658
42.233221 0.000000 0.976870
45.979866 0.000000 0.974893
46.416988 0.000000 0.974554
71.713615 0.000000 0.982793
90.117470 0.000000 0.985488
124.387500 0.000000 0.988469
134.279167 0.000000 0.987649
125.800000 0.000000 0.986823
125.075000 0.000000 0.986747
182.956790 0.000000 0.989161
0.000000 0.000000 0.993920
0.000000 0.000000 0.994177
0.000000 0.000000 0.997796
0.000000 0.000000 0.997778
0.000000 0.000000 0.998018
0.000000 0.000000 0.997924
265.123457 0.000000 0.993737
304.567901 0.000000 0.994546
134.335404 0.000000 0.990133
152.894410 0.000000 0.993502
134.000000 0.000000 0.992593
104.192469 0.000000 0.990494
56.785408 0.000000 0.982695
41.971326 0.000000 0.976729
45.878136 0.000000 0.978668
34.401325 0.000000 0.971752
30.372185 0.000000 0.968125
37.704748 0.000000 0.974163
38.336795 0.000000 0.952325
56.478114 0.000000 0.965321
51.356902 0.000000 0.961929
54.301347 0.000000 0.963956
56.742248 0.000000 0.962880
115.792388 0.000000 0.973958
100.096886 0.000000 0.969915
146.842640 0.000000 0.972979
144.000000 0.000000 0.972449
146.055838 0.000000 0.972834
0.000000 0.000000 0.980223
0.000000 0.000000 0.980223
0.000000 0.000000 0.980223
0.000000 0.000000 1.000000
0.000000 0.000000 1.000000
0.000000 0.000000 1.000000
0.000000 0.000000 1.000000
0.000000 0.000000 1.000000
0.000000 0.000000 1.000000
0.000000 0.000000 1.000000
0.000000 0.000000 1.000000
0.000000 0.000000 1.000000
0.000000 0.000000 0.997485
0.000000 0.000000 0.997155
0.000000 0.000000 0.997084
0.000000 0.000000 0.997376
0.000000 0.000000 0.997376
0.000000 0.000000 0.997311
0.000000 0.000000 0.997311
0.000000 0.000000 0.996930
0.000000 0.000000 0.997194
174.536585 0.000000 0.991246
174.577236 0.000000 0.991248
174.577236 0.000000 0.991248
174.040650 0.000000 0.994287
174.959350 0.000000 0.994317
176.276423 0.000000 0.994359
179.349593 0.000000 0.994455
56.855670 0.000000 0.982716
83.245283 0.000000 0.988130
82.818868 0.000000 0.988070
88.456604 0.000000 0.988821
88.456604 0.000000 0.988821
88.030189 0.000000 0.988768
87.418868 0.000000 0.988690
87.215094 0.000000 0.988664
85.992453 0.000000 0.988505
74.513208 0.000000 0.986757
160.478873 0.000000 0.993807
160.478873 0.000000 0.993807
151.316901 0.000000 0.993435
151.316901 0.000000 0.993435
151.316901 0.000000 0.993435
151.316901 0.000000 0.993435
159.795775 0.000000 0.993781
0.000000 0.000000 1.000000
0.000000 0.000000 1.000000
0.000000 0.000000 1.000000
0.000000 0.000000 1.000000
0.000000 0.000000 1.000000
0.000000 0.000000 1.000000
0.000000 0.000000 1.000000
0.000000 0.000000 1.000000
0.000000 0.000000 1.000000
0.000000 0.000000 1.000000
0.000000 0.000000 1.000000
0.000000 0.000000 1.000000
0.000000 0.000000 1.000000
0.000000 0.000000 1.000000
0.000000 0.000000 1.000000
0.000000 0.000000 1.000000
0.000000 0.000000 1.000000
0.000000 0.000000 1.000000
0.000000 0.000000 1.000000
0.000000 0.000000 1.000000
0.000000 0.000000 1.000000
0.000000 0.000000 1.000000
0.000000 0.000000 1.000000
0.000000 0.000000 1.000000
0.000000 0.000000 1.000000
0.000000 0.000000 1.000000
0.000000 0.000000 1.000000
0.000000 0.000000 1.000000
0.000000 0.000000 1.000000
0.000000 0.000000 1.000000
0.000000 0.000000 1.000000
0.000000 0.000000 1.000000
0.000000 0.000000 1.000000
0.000000 0.000000 1.000000
0.000000 0.000000 1.000000
0.000000 0.000000 1.000000
0.000000 0.000000 1.000000
0.000000 0.000000 1.000000
0.000000 0.000000 1.000000
0.000000 0.000000 1.000000
0.000000 0.000000 1.000000
0.000000 0.000000 1.000000
0.000000 0.000000 1.000000
0.000000 0.000000 1.000000
0.000000 0.000000 1.000000
0.000000 0.000000 1.000000
0.000000 0.000000 1.000000
0.000000 0.000000 1.000000
0.000000 0.000000 1.000000
0.000000 0.000000 1.000000
0.000000 0.000000 1.000000
0.000000 0.000000 1.000000
0.000000 0.000000 1.000000
0.000000 0.000000 1.000000
0.000000 0.000000 1.000000
0.000000 0.000000 1.000000
0.000000 0.000000 1.000000
0.000000 0.000000 1.000000
0.000000 0.000000 1.000000
0.000000 0.000000 0.997133
0.000000 0.000000 0.997085
0.000000 0.000000 0.997078
0.000000 0.000000 0.997071
0.000000 0.000000 0.996614
0.000000 0.000000 0.996918
0.000000 0.000000 0.996918
0.000000 0.000000 0.996918
0.000000 0.000000 0.996910
0.000000 0.000000 1.000000
0.000000 0.000000 1.000000
0.000000 0.000000 1.000000
0.000000 0.000000 1.000000
0.000000 0.000000 1.000000
0.000000 0.000000 1.000000
0.000000 0.000000 1.000000
0.000000 0.000000 1.000000
0.000000 0.000000 1.000000
0.000000 0.000000 1.000000
0.000000 0.000000 1.000000
0.000000 0.000000 1.000000
0.000000 0.000000 1.000000
0.000000 0.000000 1.000000
0.000000 0.000000 1.000000
0.000000 0.000000 1.000000
0.000000 0.000000 1.000000
0.000000 0.000000 1.000000
0.000000 0.000000 1.000000
0.000000 0.000000 1.000000
0.000000 0.000000 1.000000
0.000000 0.000000 1.000000
0.000000 0.000000 1.000000
0.000000 0.000000 1.000000
0.000000 0.000000 1.000000
0.000000 0.000000 1.000000
0.000000 0.000000 1.000000
0.000000 0.000000 1.000000
0.000000 0.000000 1.000000
0.000000 0.000000 1.000000
0.000000 0.000000 1.000000
0.000000 0.000000 1.000000
0.000000 0.000000 1.000000
143.726667 0.000000 0.993090
147.000000 0.000000 0.993243
147.360000 0.000000 0.993260
147.360000 0.000000 0.993260
129.200000 0.000000 0.992320
129.200000 0.000000 0.992320
135.686667 0.000000 0.992684
141.826667 0.000000 0.992999
0.000000 0.000000 1.000000
0.000000 0.000000 1.000000
0.000000 0.000000 1.000000
0.000000 0.000000 1.000000
180.293333 0.000000 0.994484
186.926667 0.000000 0.994679
183.760000 0.000000 0.994588
83.727273 0.000000 0.985837
73.090909 0.000000 0.983804
80.421212 0.000000 0.985262
73.218182 0.000000 0.983831
81.093939 0.000000 0.985383
81.093939 0.000000 0.985383
63.300000 0.000000 0.981337
117.977778 0.000000 0.988513
129.350000 0.000000 0.989515
131.733333 0.000000 0.989704
0.000000 0.000000 1.000000
0.000000 0.000000 1.000000
160.953333 0.000000 0.993825
181.233333 0.000000 0.994513
160.953333 0.000000 0.993825
159.406667 0.000000 0.993766
139.406667 0.000000 0.992878
132.486667 0.000000 0.992509
132.486667 0.000000 0.992509
132.486667 0.000000 0.992509
150.093333 0.000000 0.993382
132.340000 0.000000 0.992500
151.073333 0.000000 0.993424
129.480000 0.000000 0.992336
129.480000 0.000000 0.992336
133.906667 0.000000 0.992587
0.000000 0.000000 1.000000
0.000000 0.000000 1.000000
0.000000 0.000000 1.000000
0.000000 0.000000 1.000000
152.680000 0.000000 0.993493
152.680000 0.000000 0.993493
152.320000 0.000000 0.993478
152.320000 0.000000 0.993478
149.793333 0.000000 0.993368
158.306667 0.000000 0.993723
158.306667 0.000000 0.993723
150.833333 0.000000 0.993414
150.833333 0.000000 0.993414
150.473333 0.000000 0.993398
150.473333 0.000000 0.993398
0.000000 0.000000 1.000000
0.000000 0.000000 1.000000
0.000000 0.000000 1.000000
0.000000 0.000000 1.000000
141.960000 0.000000 0.993005
141.960000 0.000000 0.993005
141.960000 0.000000 0.993005
148.133333 0.000000 0.993295
148.133333 0.000000 0.993295
148.133333 0.000000 0.993295
148.133333 0.000000 0.993295
148.133333 0.000000 0.993295
0.000000 0.000000 1.000000
0.000000 0.000000 1.000000
149.420000 0.000000 0.993352
143.246667 0.000000 0.993067
143.246667 0.000000 0.993067
143.246667 0.000000 0.993067
143.246667 0.000000 0.993067
143.246667 0.000000 0.993067
143.246667 0.000000 0.993067
214.720000 0.000000 0.995364
214.720000 0.000000 0.995364
0.000000 0.000000 1.000000
0.000000 0.000000 1.000000
0.000000 0.000000 1.000000
0.000000 0.000000 1.000000
0.000000 0.000000 1.000000
0.000000 0.000000 1.000000
0.000000 0.000000 1.000000
0.000000 0.000000 1.000000
0.000000 0.000000 1.000000
0.000000 0.000000 1.000000
0.000000 0.000000 1.000000
0.000000 0.000000 1.000000
0.000000 0.000000 1.000000
0.000000 0.000000 1.000000
0.000000 0.000000 1.000000
0.000000 0.000000 1.000000
0.000000 0.000000 1.000000
0.000000 0.000000 1.000000
0.000000 0.000000 1.000000
0.000000 0.000000 1.000000
0.000000 0.000000 1.000000
0.000000 0.000000 1.000000
0.000000 0.000000 1.000000
0.000000 0.000000 1.000000
0.000000 0.000000 1.000000
0.000000 0.000000 1.000000
0.000000 0.000000 1.000000
0.000000 0.000000 1.000000
0.000000 0.000000 1.000000
0.000000 0.000000 1.000000
0.000000 0.000000 0.997393
0.000000 0.000000 0.997270
0.000000 0.000000 0.996877
0.000000 0.000000 0.997509
0.000000 0.000000 0.997555
0.000000 0.000000 0.997555
0.000000 0.000000 0.997257
0.000000 0.000000 0.997265
0.000000 0.000000 0.997273
0.000000 0.000000 0.997273
0.000000 0.000000 0.996881
0.000000 0.000000 1.000000
292.614458 0.000000 0.996594
29.894807 0.000000 0.967632
25.844208 0.000000 0.962748
28.632490 0.000000 0.966253
24.653795 0.000000 0.961019
39.382157 0.000000 0.975237
42.296937 0.000000 0.976904
42.209055 0.000000 0.976857
42.137150 0.000000 0.976818
44.583222 0.000000 0.978062
45.389222 0.000000 0.978443
111.188498 0.000000 0.991086
98.060703 0.000000 0.989905
0.000000 0.000000 1.000000
0.000000 0.000000 1.000000
0.000000 0.000000 1.000000
0.000000 0.000000 1.000000
0.000000 0.000000 1.000000
0.000000 0.000000 1.000000
0.000000 0.000000 1.000000
0.000000 0.000000 1.000000
0.000000 0.000000 1.000000
0.000000 0.000000 1.000000
0.000000 0.000000 1.000000
0.000000 0.000000 1.000000
0.000000 0.000000 1.000000
0.000000 0.000000 1.000000
0.000000 0.000000 1.000000
0.000000 0.000000 1.000000
0.000000 0.000000 1.000000
0.000000 0.000000 1.000000
0.000000 0.000000 1.000000
0.000000 0.000000 1.000000
0.000000 0.000000 1.000000
0.000000 0.000000 1.000000
0.000000 0.000000 1.000000
0.000000 0.000000 1.000000
0.000000 0.000000 1.000000
0.000000 0.000000 1.000000
0.000000 0.000000 1.000000
0.000000 0.000000 1.000000
0.000000 0.000000 1.000000
0.000000 0.000000 1.000000
0.000000 0.000000 1.000000
0.000000 0.000000 1.000000
0.000000 0.000000 1.000000
0.000000 0.000000 1.000000
0.000000 0.000000 1.000000
0.000000 0.000000 1.000000
0.000000 0.000000 1.000000
0.000000 0.000000 1.000000
0.000000 0.000000 1.000000
0.000000 0.000000 1.000000
0.000000 0.000000 1.000000
0.000000 0.000000 1.000000
0.000000 0.000000 1.000000
0.000000 0.000000 1.000000
0.000000 0.000000 1.000000
0.000000 0.000000 1.000000
0.000000 0.000000 1.000000
0.000000 0.000000 1.000000
0.000000 0.000000 1.000000
92.833333 0.000000 0.989343
91.620155 0.000000 0.989203
91.620155 0.000000 0.989203
88.899225 0.000000 0.988876
84.298450 0.000000 0.988276
84.298450 0.000000 0.988276
83.860465 0.000000 0.988216
84.073643 0.000000 0.988245
84.073643 0.000000 0.988245
123.100775 0.000000 0.991942
129.383721 0.000000 0.992330
129.170543 0.000000 0.992318
0.000000 0.000000 1.000000
0.000000 0.000000 1.000000
0.000000 0.000000 1.000000
0.000000 0.000000 1.000000
0.000000 0.000000 1.000000
0.000000 0.000000 1.000000
0.000000 0.000000 1.000000
0.000000 0.000000 1.000000
0.000000 0.000000 1.000000
0.000000 0.000000 1.000000
0.000000 0.000000 1.000000
0.000000 0.000000 1.000000
0.000000 0.000000 1.000000
0.000000 0.000000 1.000000
0.000000 0.000000 1.000000
0.000000 0.000000 1.000000
0.000000 0.000000 1.000000
0.000000 0.000000 1.000000
0.000000 0.000000 1.000000
0.000000 0.000000 1.000000
0.000000 0.000000 1.000000
0.000000 0.000000 1.000000
0.000000 0.000000 1.000000
0.000000 0.000000 1.000000
0.000000 0.000000 1.000000
0.000000 0.000000 1.000000
0.000000 0.000000 1.000000
0.000000 0.000000 1.000000
0.000000 0.000000 1.000000
0.000000 0.000000 1.000000
0.000000 0.000000 1.000000
0.000000 0.000000 1.000000
0.000000 0.000000 1.000000
0.000000 0.000000 1.000000
26.663043 0.000000 0.963851
17.455128 0.000000 0.945815
17.108974 0.000000 0.944779
18.628205 0.000000 0.949053
14.937500 0.000000 0.937255
0.000000 0.000000 1.000000
0.000000 0.000000 1.000000
14.707692 0.000000 0.936337
5.626866 0.000000 0.849099
1.575499 0.000000 0.611726
1.421652 0.000000 0.587059
0.960114 0.000000 0.489826
1.178322 0.000000 0.540931
0.783784 0.000000 0.439394
0.297297 0.000000 0.229167
0.000000 0.000000 0.000000
0.223140 0.000000 0.182432
0.486911 0.000000 0.211268
4.159674 0.000000 0.791281
4.082751 0.000000 0.803256
5.992248 0.000000 0.856984
6.591922 0.000000 0.868281
12.616915 0.000000 0.926562
19.921488 0.000000 0.952202
58.260870 0.000000 0.983125
9.702479 0.000000 0.906564
5.987603 0.000000 0.856889
5.012397 0.000000 0.833677
8.446667 0.000000 0.894143
4.313333 0.000000 0.811794
0.720000 0.000000 0.418605
0.360000 0.000000 0.264706
0.000000 0.000000 0.886010
3.895470 0.000000 0.748754
2.296167 0.000000 0.626850
2.066202 0.000000 0.673864
4.328467 0.000000 0.812329
0.394161 0.000000 0.282723
0.243243 0.000000 0.195652
0.360000 0.000000 0.264706
0.000000 0.000000 0.000000
1.123732 0.000000 0.529131
1.012170 0.000000 0.503024
6.963489 0.000000 0.874427
8.021792 0.000000 0.889157
25.107345 0.000000 0.961697
0.000000 0.000000 0.868489
66.664671 0.000000 0.828584
61.305389 0.000000 0.813840
59.892216 0.000000 0.809519
60.287425 0.000000 0.810747
48.011976 0.000000 0.763348
15.461078 0.000000 0.939251
15.137725 0.000000 0.938033
15.215569 0.000000 0.938331
0.000000 0.000000 1.000000
0.000000 0.000000 1.000000
42.173333 0.000000 0.956455
40.573333 0.000000 0.954779
60.653333 0.000000 0.969507
59.920000 0.000000 0.969140
59.040000 0.000000 0.968688
42.480000 0.000000 0.956762
95.200000 0.000000 0.980457
0.000000 0.000000 0.990756
78.793478 0.000000 0.987468
58.000000 0.000000 0.983051
14.434783 0.000000 0.935211
14.434783 0.000000 0.935211
0.000000 0.000000 1.000000
0.000000 0.000000 1.000000
0.000000 0.000000 1.000000
0.000000 0.000000 1.000000
0.000000 0.000000 1.000000
2.032609 0.000000 0.433692
1.315217 0.000000 0.568075
0.000000 0.000000 1.000000
0.000000 0.000000 1.000000
0.000000 0.000000 1.000000
0.000000 0.000000 1.000000
0.733333 0.000000 0.211538
0.190202 0.000000 0.000000
0.249057 0.000000 0.000000
0.395210 0.000000 0.000000
0.000000 0.000000 0.000000
1.613333 0.000000 0.617347
4.130435 0.000000 0.805085
3.532609 0.000000 0.779376
2.815217 0.000000 0.737892
0.000000 0.000000 1.000000
0.000000 0.000000 1.000000
1.233735 0.000000 0.552319
1.279310 0.000000 0.561271
1.340411 0.000000 0.572725
1.056005 0.000000 0.513620
0.891744 0.000000 0.471387
1.182050 0.000000 0.541715
3.011751 0.000000 0.750732
3.904163 0.000000 0.796092
4.982718 0.000000 0.832852
5.279832 0.000000 0.840760
5.153361 0.000000 0.837487
5.733988 0.000000 0.851500
6.501321 0.000000 0.866690
7.286988 0.000000 0.879329
7.215686 0.000000 0.878282
7.623352 0.000000 0.884036
8.936709 0.000000 0.899363
12.514530 0.000000 0.926006
14.825907 0.000000 0.936812
20.595273 0.000000 0.953694
25.671795 0.000000 0.962507
48.869048 0.000000 0.979947
24.146766 0.000000 0.960233
65.613333 0.000000 0.984988
67.946667 0.000000 0.985496
46.726667 0.000000 0.979047
46.006667 0.000000 0.978726
44.220000 0.000000 0.977886
45.880000 0.000000 0.978669
37.413333 0.000000 0.973967
29.226667 0.000000 0.966917
10.548896 0.000000 0.913412
9.605678 0.000000 0.905711
8.460568 0.000000 0.894298
16.059880 0.000000 0.941383
12.437126 0.000000 0.925579
9.964072 0.000000 0.908793
9.281437 0.000000 0.902737
7.779180 0.000000 0.886094
17.340694 0.000000 0.945476
21.552050 0.000000 0.955658
44.826667 0.000000 0.978179
64.246667 0.000000 0.984674
67.766667 0.000000 0.928260
50.960000 0.000000 0.930288
153.760000 0.000000 0.942707
153.040000 0.000000 0.942439
104.266667 0.000000 0.915769
28.933333 0.000000 0.878990
30.995556 0.000000 0.871927
30.813333 0.000000 0.854429
15.666667 0.000000 0.879467
23.500000 0.000000 0.897415
8.392562 0.000000 0.793665
9.669421 0.000000 0.818358
5.566116 0.000000 0.704846
65.782609 0.000000 0.948079
65.793478 0.000000 0.965500
748.923913 0.000000 0.996927
304.648760 0.000000 0.996728
316.946281 0.000000 0.996855
531.620000 0.000000 0.998122
554.000000 0.000000 0.998198
553.640000 0.000000 0.998197
542.913333 0.000000 0.998161
542.193333 0.000000 0.998159
159.960000 0.000000 0.993787
0.000000 0.000000 1.000000
0.000000 0.000000 1.000000
0.000000 0.000000 1.000000
249.840000 0.000000 0.996013
303.246667 0.000000 0.996713
301.813333 0.000000 0.996698
312.213333 0.000000 0.996807
337.766667 0.000000 0.997048
210.078512 0.000000 0.995262
210.078512 0.000000 0.995262
197.285124 0.000000 0.994957
209.409091 0.000000 0.995247
171.888430 0.000000 0.994216
132.015823 0.000000 0.992482
122.389241 0.000000 0.991896
67.291667 0.000000 0.985357
57.901468 0.000000 0.983022
42.269817 0.000000 0.976889
42.169207 0.000000 0.976835
40.056402 0.000000 0.975643
33.489329 0.000000 0.971006
34.578431 0.000000 0.971893
34.485994 0.000000 0.971820
43.264706 0.000000 0.977409
43.264706 0.000000 0.977409
43.410938 0.000000 0.977483
84.610942 0.000000 0.988319
218.760000 0.000000 0.995450
218.040000 0.000000 0.995435
218.040000 0.000000 0.995435
0.000000 0.000000 1.000000
0.000000 0.000000 1.000000
0.000000 0.000000 1.000000
0.000000 0.000000 1.000000
0.000000 0.000000 1.000000
0.000000 0.000000 1.000000
0.000000 0.000000 1.000000
0.000000 0.000000 1.000000
0.000000 0.000000 1.000000
125.227545 0.000000 0.992078
116.029940 0.000000 0.991455
171.431138 0.000000 0.994201
175.005988 0.000000 0.994318
220.598802 0.000000 0.995487
218.317365 0.000000 0.995440
236.209581 0.000000 0.995784
74.084175 0.000000 0.986682
68.872054 0.000000 0.985688
95.807963 0.000000 0.989670
97.836066 0.000000 0.989882
76.548009 0.000000 0.987105
44.798141 0.000000 0.978165
45.428744 0.000000 0.976849
36.384986 0.000000 0.971655
29.004812 0.000000 0.964683
26.875842 0.000000 0.961986
28.377286 0.000000 0.963929
41.954023 0.000000 0.974876
38.068966 0.000000 0.972377
40.100894 0.000000 0.973743
71.325163 0.000000 0.984773
83.691176 0.000000 0.986996
83.602941 0.000000 0.986983
82.276144 0.000000 0.986775
82.187908 0.000000 0.986761
83.402985 0.000000 0.986782
168.790210 0.000000 0.992834
211.824645 0.000000 0.995301
516.239130 0.000000 0.998067
256.947977 0.000000 0.996123
185.948617 0.000000 0.994651
173.924901 0.000000 0.994283
167.972332 0.000000 0.994082
166.691700 0.000000 0.994037
154.667984 0.000000 0.993576
148.501976 0.000000 0.993311
112.051383 0.000000 0.991154
67.343195 0.000000 0.985368
52.000000 0.000000 0.981132
49.861048 0.000000 0.980339
49.984055 0.000000 0.980386
54.469741 0.000000 0.981972
82.492481 0.000000 0.988023
48.277899 0.000000 0.979707
48.159737 0.000000 0.979658
35.447452 0.000000 0.972563
35.447452 0.000000 0.972563
40.121547 0.000000 0.975682
66.393665 0.000000 0.985162
66.271493 0.000000 0.985135
66.271493 0.000000 0.985135
113.953125 0.000000 0.991301
91.381657 0.000000 0.989175
91.381657 0.000000 0.989175
118.281853 0.000000 0.991616
118.281853 0.000000 0.991616
121.231660 0.000000 0.991819
115.463320 0.000000 0.991414
91.787645 0.000000 0.989223
91.787645 0.000000 0.989223
94.548263 0.000000 0.989534
77.471042 0.000000 0.987256
248.250000 0.000000 0.995988
265.086957 0.000000 0.996242
62.881313 0.000000 0.984346
33.995334 0.000000 0.971425
33.616992 0.000000 0.971112
33.616992 0.000000 0.971112
29.768473 0.000000 0.967499
27.035468 0.000000 0.964331
26.331034 0.000000 0.963412
24.902075 0.000000 0.961393
23.542122 0.000000 0.959254
20.003900 0.000000 0.952390
20.054507 0.000000 0.952504
18.990377 0.000000 0.949976
22.545522 0.000000 0.957529
29.365217 0.000000 0.967068
53.284712 0.000000 0.981579
47.711801 0.000000 0.979471
43.932919 0.000000 0.977745
48.848066 0.000000 0.979939
40.709945 0.000000 0.976025
55.187075 0.000000 0.982202
57.653543 0.000000 0.982951
62.076772 0.000000 0.984146
88.971698 0.000000 0.988885
97.428922 0.000000 0.931074
153.432432 0.000000 0.934522
141.687259 0.000000 0.929132
121.416988 0.000000 0.917397
121.000000 0.000000 0.917115
104.030888 0.000000 0.903724
159.892216 0.000000 0.905951
186.694611 0.000000 0.919381
241.628743 0.000000 0.937634
226.568862 0.000000 0.933507
0.000000 0.000000 1.000000
0.000000 0.000000 1.000000
0.000000 0.000000 1.000000
624.360000 0.000000 0.985822
664.200000 0.000000 0.986671
562.360000 0.000000 0.984261
440.040000 0.000000 0.979896
262.508982 0.000000 0.982798
206.233533 0.000000 0.978126
218.736527 0.000000 0.979371
191.107784 0.000000 0.976404
154.532934 0.000000 0.970855
297.108696 0.000000 0.975133
307.065217 0.000000 0.996754
146.293478 0.000000 0.993211
179.619565 0.000000 0.994464
155.201087 0.000000 0.991302
276.358696 0.000000 0.993808
270.173913 0.000000 0.993667
325.130435 0.000000 0.994734
374.728261 0.000000 0.995429
341.076087 0.000000 0.994980
390.380435 0.000000 0.995612
0.000000 0.000000 0.998162
0.000000 0.000000 0.998188
0.000000 0.000000 0.998024
0.000000 0.000000 1.000000
0.000000 0.000000 1.000000
0.000000 0.000000 1.000000
0.000000 0.000000 1.000000
196.023952 0.000000 0.994924
151.964072 0.000000 0.993463
152.035928 0.000000 0.993466
169.856287 0.000000 0.994147
167.491018 0.000000 0.994065
149.131737 0.000000 0.993339
131.239521 0.000000 0.992438
130.916168 0.000000 0.992419
84.528958 0.000000 0.988308
73.108108 0.000000 0.986506
46.673529 0.000000 0.979024
23.369048 0.000000 0.958964
38.577075 0.000000 0.974733
49.849802 0.000000 0.980334
49.588933 0.000000 0.980233
49.588933 0.000000 0.980233
38.838415 0.000000 0.974899
39.426829 0.000000 0.975264
54.796610 0.000000 0.982078
55.029661 0.000000 0.982152
41.911017 0.000000 0.976696
84.212903 0.000000 0.988265
83.864516 0.000000 0.988217
174.040000 0.000000 0.994287
174.040000 0.000000 0.994287
133.480000 0.000000 0.992564
0.000000 0.000000 1.000000
139.782609 0.000000 0.992897
137.684783 0.000000 0.992789
104.032609 0.000000 0.990479
104.021739 0.000000 0.990478
137.086957 0.000000 0.992758
136.369565 0.000000 0.992720
136.369565 0.000000 0.992720
136.369565 0.000000 0.992720
168.847826 0.000000 0.994112
59.768340 0.000000 0.983544
110.910180 0.000000 0.991064
110.586826 0.000000 0.991038
113.479042 0.000000 0.991265
131.371257 0.000000 0.992445
131.371257 0.000000 0.992445
113.155689 0.000000 0.991240
122.101796 0.000000 0.991877
0.000000 0.000000 1.000000
0.000000 0.000000 1.000000
0.000000 0.000000 1.000000
88.484444 0.000000 0.988825
88.484444 0.000000 0.988825
67.347003 0.000000 0.985369
76.943218 0.000000 0.987170
31.934449 0.000000 0.969637
31.934449 0.000000 0.969637
31.857741 0.000000 0.969566
31.857741 0.000000 0.969566
35.579439 0.000000 0.972662
46.426829 0.000000 0.978915
39.113014 0.000000 0.975070
46.426829 0.000000 0.978915
43.390244 0.000000 0.977473
33.252336 0.000000 0.970805
33.168224 0.000000 0.970733
33.168224 0.000000 0.970733
87.991736 0.000000 0.988763
88.789256 0.000000 0.988863
88.789256 0.000000 0.988863
88.789256 0.000000 0.988863
143.246667 0.000000 0.993067
143.246667 0.000000 0.993067
0.000000 0.000000 1.000000
271.987342 0.000000 0.996337
271.987342 0.000000 0.996337
83.764706 0.000000 0.988203
52.740741 0.000000 0.981392
52.740741 0.000000 0.981392
52.740741 0.000000 0.981392
52.740741 0.000000 0.981392
52.740741 0.000000 0.981392
42.977867 0.000000 0.977261
43.851107 0.000000 0.977704
28.860858 0.000000 0.966511
37.426644 0.000000 0.971080
34.886598 0.000000 0.969426
34.886598 0.000000 0.969426
28.574186 0.000000 0.963495
28.802171 0.000000 0.963774
28.867310 0.000000 0.963853
29.061058 0.000000 0.963755
49.093623 0.000000 0.978250
56.750760 0.000000 0.980947
96.740933 0.000000 0.988020
96.569948 0.000000 0.989751
238.546667 0.000000 0.995825
238.546667 0.000000 0.995825
0.000000 0.000000 1.000000
0.000000 0.000000 1.000000
0.000000 0.000000 1.000000
0.000000 0.000000 1.000000
0.000000 0.000000 1.000000
421.893333 0.000000 0.997635
340.853333 0.000000 0.997075
340.853333 0.000000 0.997075
340.853333 0.000000 0.997075
340.853333 0.000000 0.997075
410.893333 0.000000 0.997572
390.613333 0.000000 0.997446
390.453333 0.000000 0.997445
370.013333 0.000000 0.997305
191.720000 0.000000 0.994811
0.000000 0.000000 1.000000
0.000000 0.000000 1.000000
212.000000 0.000000 0.995305
212.360000 0.000000 0.995313
212.360000 0.000000 0.995313
149.480000 0.000000 0.993355
142.320000 0.000000 0.993023
143.080000 0.000000 0.993059
143.080000 0.000000 0.993059
143.840000 0.000000 0.993096
143.840000 0.000000 0.993096
0.000000 0.000000 1.000000
0.000000 0.000000 1.000000
0.000000 0.000000 1.000000
0.000000 0.000000 1.000000
0.000000 0.000000 1.000000
0.000000 0.000000 1.000000
0.000000 0.000000 1.000000
0.000000 0.000000 1.000000
0.000000 0.000000 1.000000
0.000000 0.000000 1.000000
0.000000 0.000000 1.000000
0.000000 0.000000 1.000000
0.000000 0.000000 1.000000
0.000000 0.000000 1.000000
0.000000 0.000000 1.000000
0.000000 0.000000 1.000000
0.000000 0.000000 1.000000
0.000000 0.000000 1.000000
296.780488 0.000000 0.996642
135.566667 0.000000 0.989993
118.666667 0.000000 0.988579
118.666667 0.000000 0.988579
118.666667 0.000000 0.988579
118.666667 0.000000 0.988579
118.666667 0.000000 0.988579
126.966667 0.000000 0.989320
0.000000 0.000000 0.997112
0.000000 0.000000 1.000000
0.000000 0.000000 1.000000
0.000000 0.000000 1.000000
0.000000 0.000000 1.000000
0.000000 0.000000 1.000000
103.490991 0.000000 0.990430
97.009009 0.000000 0.987269
97.846847 0.000000 0.984369
98.468468 0.000000 0.984467
98.171171 0.000000 0.984420
98.171171 0.000000 0.984420
116.027027 0.000000 0.986798
116.873874 0.000000 0.986892
0.000000 0.000000 0.995336
0.000000 0.000000 0.995325
0.000000 0.000000 0.997476
0.000000 0.000000 0.997143
0.000000 0.000000 1.000000
0.000000 0.000000 1.000000
0.000000 0.000000 1.000000
0.000000 0.000000 1.000000
0.000000 0.000000 1.000000
0.000000 0.000000 1.000000
0.000000 0.000000 1.000000
0.000000 0.000000 1.000000
0.000000 0.000000 1.000000
0.000000 0.000000 1.000000
0.000000 0.000000 1.000000
0.000000 0.000000 1.000000
0.000000 0.000000 1.000000
0.000000 0.000000 1.000000
0.000000 0.000000 1.000000
0.000000 0.000000 1.000000
0.000000 0.000000 1.000000
0.000000 0.000000 1.000000
0.000000 0.000000 1.000000
0.000000 0.000000 1.000000
0.000000 0.000000 1.000000
0.000000 0.000000 1.000000
0.000000 0.000000 1.000000
0.000000 0.000000 1.000000
0.000000 0.000000 1.000000
0.000000 0.000000 1.000000
0.000000 0.000000 1.000000
0.000000 0.000000 1.000000
0.000000 0.000000 1.000000
0.000000 0.000000 1.000000
0.000000 0.000000 1.000000
0.000000 0.000000 1.000000
0.000000 0.000000 1.000000
0.000000 0.000000 1.000000
0.000000 0.000000 1.000000
0.000000 0.000000 1.000000
0.000000 0.000000 1.000000
0.000000 0.000000 1.000000
0.000000 0.000000 1.000000
0.000000 0.000000 1.000000
0.000000 0.000000 1.000000
0.000000 0.000000 1.000000
0.000000 0.000000 1.000000
0.000000 0.000000 1.000000
0.000000 0.000000 1.000000
0.000000 0.000000 1.000000
0.000000 0.000000 1.000000
0.000000 0.000000 1.000000
0.000000 0.000000 1.000000
0.000000 0.000000 1.000000
0.000000 0.000000 1.000000
0.000000 0.000000 1.000000
0.000000 0.000000 1.000000
0.000000 0.000000 1.000000
0.000000 0.000000 1.000000
0.000000 0.000000 1.000000
0.000000 0.000000 0.996910
0.000000 0.000000 0.996910
0.000000 0.000000 0.996910
0.000000 0.000000 0.996910
0.000000 0.000000 0.996910
0.000000 0.000000 0.996910
0.000000 0.000000 0.996910
0.000000 0.000000 0.996910
0.000000 0.000000 1.000000
0.000000 0.000000 1.000000
0.000000 0.000000 1.000000
0.000000 0.000000 1.000000
0.000000 0.000000 1.000000
0.000000 0.000000 1.000000
0.000000 0.000000 1.000000
0.000000 0.000000 1.000000
0.000000 0.000000 1.000000
0.000000 0.000000 1.000000
0.000000 0.000000 1.000000
0.000000 0.000000 1.000000
0.000000 0.000000 1.000000
0.000000 0.000000 1.000000
0.000000 0.000000 1.000000
0.000000 0.000000 1.000000
0.000000 0.000000 1.000000
0.000000 0.000000 1.000000
0.000000 0.000000 1.000000
0.000000 0.000000 1.000000
0.000000 0.000000 1.000000
0.000000 0.000000 1.000000
0.000000 0.000000 1.000000
0.000000 0.000000 1.000000
0.000000 0.000000 1.000000
0.000000 0.000000 1.000000
0.000000 0.000000 1.000000
0.000000 0.000000 1.000000
0.000000 0.000000 1.000000
0.000000 0.000000 1.000000
0.000000 0.000000 1.000000
0.000000 0.000000 1.000000
0.000000 0.000000 1.000000
0.000000 0.000000 1.000000
0.000000 0.000000 1.000000
0.000000 0.000000 1.000000
0.000000 0.000000 1.000000
0.000000 0.000000 1.000000
0.000000 0.000000 1.000000
0.000000 0.000000 1.000000
0.000000 0.000000 1.000000
0.000000 0.000000 1.000000
0.000000 0.000000 1.000000
0.000000 0.000000 1.000000
0.000000 0.000000 1.000000
0.000000 0.000000 1.000000
0.000000 0.000000 1.000000
0.000000 0.000000 1.000000
0.000000 0.000000 1.000000
154.080000 0.000000 0.993552
144.120000 0.000000 0.993109
143.400000 0.000000 0.993075
143.400000 0.000000 0.993075
143.400000 0.000000 0.993075
142.680000 0.000000 0.993040
141.960000 0.000000 0.993005
141.960000 0.000000 0.993005
141.960000 0.000000 0.993005
0.000000 0.000000 1.000000
0.000000 0.000000 1.000000
141.960000 0.000000 0.993005
148.053333 0.000000 0.993291
148.053333 0.000000 0.993291
60.677596 0.000000 0.983787
60.677596 0.000000 0.983787
60.857923 0.000000 0.983834
60.857923 0.000000 0.983834
52.546448 0.000000 0.981325
103.120370 0.000000 0.990396
98.888889 0.000000 0.989989
98.888889 0.000000 0.989989
145.900000 0.000000 0.990197
145.900000 0.000000 0.990197
150.000000 0.000000 0.990464
149.560000 0.000000 0.990436
153.153333 0.000000 0.990659
153.513333 0.000000 0.990680
153.513333 0.000000 0.990680
153.513333 0.000000 0.990680
0.000000 0.000000 0.997134
0.000000 0.000000 1.000000
0.000000 0.000000 1.000000
145.913333 0.000000 0.993193
145.913333 0.000000 0.993193
142.320000 0.000000 0.993023
142.320000 0.000000 0.993023
141.960000 0.000000 0.993005
141.960000 0.000000 0.993005
141.960000 0.000000 0.993005
131.400000 0.000000 0.992447
45.688525 0.000000 0.978581
63.583333 0.000000 0.984516
49.750000 0.000000 0.980296
21.344262 0.000000 0.955246
13.180328 0.000000 0.929480
5.016393 0.000000 0.833787
1.180328 0.000000 0.541353
1.032787 0.000000 0.508065
2.880000 0.000000 0.742268
2.880000 0.000000 0.742268
2.880000 0.000000 0.742268
2.520000 0.000000 0.715909
0.000000 0.000000 1.000000
0.000000 0.000000 1.000000
2.520000 0.000000 0.715909
2.520000 0.000000 0.715909
2.880000 0.000000 0.742268
2.009302 0.000000 0.667697
2.009302 0.000000 0.667697
1.505226 0.000000 0.600834
1.505226 0.000000 0.600834
3.153285 0.000000 0.759227
3.153285 0.000000 0.759227
3.240876 0.000000 0.764200
2.000000 0.000000 0.666667
1.013699 0.000000 0.503401
1.851598 0.000000 0.649319
2.215847 0.000000 0.689040
2.215847 0.000000 0.689040
9.457399 0.000000 0.904374
6.871287 0.000000 0.859119
11.611842 0.000000 0.909233
11.493421 0.000000 0.908373
21.837500 0.000000 0.944171
12.358974 0.000000 0.912476
25.558974 0.000000 0.955976
25.420513 0.000000 0.955745
17.558974 0.000000 0.936999
20.816129 0.000000 0.944403
42.580000 0.000000 0.977054
36.253333 0.000000 0.973157
54.793333 0.000000 0.982077
0.000000 0.000000 1.000000
0.000000 0.000000 1.000000
6.393519 0.000000 0.864746
5.643519 0.000000 0.849477
0.555556 0.000000 0.357143
0.833333 0.000000 0.454545
0.000000 0.000000 0.731707
0.000000 0.000000 0.835821
0.000000 0.000000 0.770833
0.000000 0.000000 1.000000
0.000000 0.000000 1.000000
4.246862 0.000000 0.809410
5.628176 0.000000 0.849129
6.933144 0.000000 0.873947
12.847795 0.000000 0.927786
16.759494 0.000000 0.943692
16.833635 0.000000 0.943926
20.105832 0.000000 0.952620
21.875294 0.000000 0.956285
61.734884 0.000000 0.984060
58.989547 0.000000 0.983330
45.094077 0.000000 0.978305
44.459930 0.000000 0.978003
34.080139 0.000000 0.971494
33.634146 0.000000 0.971127
36.832753 0.000000 0.973568
146.069444 0.000000 0.993200
145.333333 0.000000 0.993166
141.625000 0.000000 0.992989
91.194444 0.000000 0.979211
0.000000 0.000000 0.989948
0.000000 0.000000 0.973934
0.000000 0.000000 0.973366
0.000000 0.000000 0.955071
0.000000 0.000000 0.951506
0.000000 0.000000 0.803571
0.000000 0.000000 0.765957
0.000000 0.000000 0.620690
5.066304 0.000000 0.835155
5.608905 0.000000 0.848689
7.647059 0.000000 0.884354
10.246296 0.000000 0.911082
22.220884 0.000000 0.956935
0.000000 0.000000 1.000000
0.000000 0.000000 1.000000
0.000000 0.000000 1.000000
0.000000 0.000000 1.000000
0.000000 0.000000 1.000000
0.000000 0.000000 0.945902
0.000000 0.000000 0.871845
0.000000 0.000000 0.450000
0.000000 0.000000 1.000000
0.000000 0.000000 1.000000
0.000000 0.000000 1.000000
0.000000 0.000000 1.000000
1.080000 0.000000 0.519231
0.340694 0.000000 0.254118
0.000000 0.000000 0.000000
0.000000 0.000000 0.000000
0.551111 0.000000 0.177650
1.653333 0.000000 0.311558
0.826667 0.000000 0.000000
0.256198 0.000000 0.000000
0.000000 0.000000 0.000000
0.000000 0.000000 0.000000
0.000000 0.000000 0.000000
0.272727 0.000000 0.000000
0.000000 0.000000 0.000000
0.000000 0.000000 0.000000
0.000000 0.000000 0.000000
513.179641 0.000000 0.998055
1325.560000 0.000000 0.999246
797.973333 0.000000 0.998748
304.560000 0.000000 0.996727
324.480000 0.000000 0.996928
283.920000 0.000000 0.996490
264.521739 0.000000 0.996234
280.760870 0.000000 0.996451
264.521739 0.000000 0.996234
264.521739 0.000000 0.996234
264.521739 0.000000 0.996234
280.760870 0.000000 0.996451
280.760870 0.000000 0.996451
247.695652 0.000000 0.995979
85.992453 0.000000 0.988505
66.857143 0.000000 0.985263
54.469799 0.000000 0.981972
38.833068 0.000000 0.974895
29.576923 0.000000 0.967296
23.549451 0.000000 0.959266
19.574176 0.000000 0.951395
15.571429 0.000000 0.939655
17.689922 0.000000 0.946495
18.393089 0.000000 0.948435
24.736655 0.000000 0.961145
24.765125 0.000000 0.961188
36.476440 0.000000 0.973317
36.518325 0.000000 0.973346
92.054348 0.000000 0.989254
108.293478 0.000000 0.990850
125.119565 0.000000 0.992071
141.358696 0.000000 0.992975
157.597826 0.000000 0.993695
173.836957 0.000000 0.994280
189.489130 0.000000 0.994750
205.728261 0.000000 0.995163
221.967391 0.000000 0.995515
237.217391 0.000000 0.995802
238.206522 0.000000 0.995820
238.206522 0.000000 0.995820
238.206522 0.000000 0.995820
0.000000 0.000000 1.000000
0.000000 0.000000 1.000000
0.000000 0.000000 1.000000
0.000000 0.000000 1.000000
0.000000 0.000000 1.000000
0.000000 0.000000 1.000000
0.000000 0.000000 1.000000
0.000000 0.000000 1.000000
0.000000 0.000000 1.000000
0.000000 0.000000 1.000000
0.000000 0.000000 1.000000
0.000000 0.000000 1.000000
0.000000 0.000000 1.000000
0.000000 0.000000 1.000000
0.000000 0.000000 1.000000
0.000000 0.000000 1.000000
0.000000 0.000000 1.000000
0.000000 0.000000 1.000000
0.000000 0.000000 1.000000
0.000000 0.000000 1.000000
0.000000 0.000000 1.000000
0.000000 0.000000 1.000000
0.000000 0.000000 1.000000
0.000000 0.000000 1.000000
0.000000 0.000000 1.000000
0.000000 0.000000 1.000000
34.934132 0.000000 0.972171
25.940120 0.000000 0.962881
16.263473 0.000000 0.942074
7.269461 0.000000 0.879073
106.526946 0.000000 0.990700
106.083832 0.000000 0.990662
132.802395 0.000000 0.992526
132.359281 0.000000 0.992501
150.131737 0.000000 0.993383
149.005988 0.000000 0.993334
166.778443 0.000000 0.994040
165.988024 0.000000 0.994012
183.485030 0.000000 0.994580
183.089820 0.000000 0.994568
0.000000 0.000000 1.000000
0.000000 0.000000 1.000000
0.000000 0.000000 1.000000
0.000000 0.000000 1.000000
303.840000 0.000000 0.996720
283.920000 0.000000 0.996490
349.346667 0.000000 0.997146
111.021186 0.000000 0.991073
111.021186 0.000000 0.991073
98.131356 0.000000 0.989912
95.745763 0.000000 0.989664
95.974576 0.000000 0.989688
140.683230 0.000000 0.992942
89.525692 0.000000 0.988953
88.723320 0.000000 0.988855
70.557312 0.000000 0.986025
103.784884 0.000000 0.990457
194.032609 0.000000 0.994873
243.923913 0.000000 0.995917
260.163043 0.000000 0.996171
250.043478 0.000000 0.996017
216.978261 0.000000 0.995412
249.456522 0.000000 0.996007
0.000000 0.000000 1.000000
0.000000 0.000000 1.000000
0.000000 0.000000 1.000000
0.000000 0.000000 1.000000
0.000000 0.000000 1.000000
0.000000 0.000000 1.000000
0.000000 0.000000 1.000000
0.000000 0.000000 1.000000
0.000000 0.000000 1.000000
0.000000 0.000000 1.000000
231.456522 0.000000 0.995698
231.456522 0.000000 0.995698
247.695652 0.000000 0.995979
247.695652 0.000000 0.995979
247.695652 0.000000 0.995979
247.695652 0.000000 0.995979
247.695652 0.000000 0.995979
0.000000 0.000000 1.000000
0.000000 0.000000 0.997112
0.000000 0.000000 0.996910
0.000000 0.000000 0.996910
0.000000 0.000000 0.996910
0.000000 0.000000 0.996910
0.000000 0.000000 0.996910
0.000000 0.000000 0.996910
0.000000 0.000000 1.000000
0.000000 0.000000 1.000000
0.000000 0.000000 1.000000
0.000000 0.000000 1.000000
0.000000 0.000000 1.000000
136.455090 0.000000 0.992725
136.455090 0.000000 0.992725
136.455090 0.000000 0.992725
137.095808 0.000000 0.988119
137.095808 0.000000 0.988119
128.473054 0.000000 0.984830
128.473054 0.000000 0.984830
0.000000 0.000000 0.992496
0.000000 0.000000 0.992496
286.066667 0.000000 0.989039
286.066667 0.000000 0.989039
284.640000 0.000000 0.993978
284.640000 0.000000 0.993978
284.640000 0.000000 0.993978
283.920000 0.000000 0.996490
283.920000 0.000000 0.996490
283.920000 0.000000 0.996490
303.840000 0.000000 0.996720
303.840000 0.000000 0.996720
0.000000 0.000000 1.000000
247.695652 0.000000 0.995979
247.695652 0.000000 0.995979
247.695652 0.000000 0.995979
247.695652 0.000000 0.995979
247.695652 0.000000 0.995979
231.456522 0.000000 0.995698
87.991736 0.000000 0.988763
87.991736 0.000000 0.988763
141.960000 0.000000 0.993005
141.960000 0.000000 0.993005
141.960000 0.000000 0.993005
142.326667 0.000000 0.993023
142.766667 0.000000 0.993044
142.766667 0.000000 0.993044
0.000000 0.000000 1.000000
0.000000 0.000000 1.000000
99.134199 0.000000 0.990013
73.633441 0.000000 0.986601
73.633441 0.000000 0.986601
56.687345 0.000000 0.982665
56.687345 0.000000 0.982665
56.523573 0.000000 0.982616
56.523573 0.000000 0.982616
56.523573 0.000000 0.982616
56.523573 0.000000 0.982616
84.166008 0.000000 0.988258
123.802326 0.000000 0.991987
231.456522 0.000000 0.995698
231.456522 0.000000 0.995698
0.000000 0.000000 1.000000
141.960000 0.000000 0.993005
148.273333 0.000000 0.993301
148.273333 0.000000 0.993301
148.273333 0.000000 0.993301
148.273333 0.000000 0.993301
148.273333 0.000000 0.993301
148.273333 0.000000 0.993301
0.000000 0.000000 1.000000
0.000000 0.000000 1.000000
141.960000 0.000000 0.993005
141.960000 0.000000 0.993005
142.326667 0.000000 0.993023
67.555205 0.000000 0.985413
67.555205 0.000000 0.985413
67.555205 0.000000 0.985413
67.936909 0.000000 0.982474
68.145110 0.000000 0.982527
129.353293 0.000000 0.989297
129.353293 0.000000 0.989297
129.023952 0.000000 0.989270
67.763407 0.000000 0.982430
143.206667 0.000000 0.990014
143.573333 0.000000 0.990040
143.573333 0.000000 0.990040
95.715556 0.000000 0.989660
95.471111 0.000000 0.989634
95.177778 0.000000 0.989603
108.697778 0.000000 0.990884
95.177778 0.000000 0.989603
95.177778 0.000000 0.989603
285.533333 0.000000 0.996510
305.453333 0.000000 0.996737
304.720000 0.000000 0.996729
101.573333 0.000000 0.990251
151.920000 0.000000 0.993461
94.165289 0.000000 0.989492
94.165289 0.000000 0.989492
94.165289 0.000000 0.989492
94.165289 0.000000 0.989492
87.991736 0.000000 0.988763
87.991736 0.000000 0.988763
232.054348 0.000000 0.995709
232.771739 0.000000 0.995722
0.000000 0.000000 1.000000
0.000000 0.000000 1.000000
0.000000 0.000000 1.000000
0.000000 0.000000 1.000000
0.000000 0.000000 1.000000
0.000000 0.000000 1.000000
0.000000 0.000000 1.000000
0.000000 0.000000 1.000000
0.000000 0.000000 1.000000
0.000000 0.000000 1.000000
0.000000 0.000000 1.000000
247.695652 0.000000 0.995979
247.695652 0.000000 0.995979
247.695652 0.000000 0.995979
247.695652 0.000000 0.995979
247.695652 0.000000 0.995979
247.695652 0.000000 0.995979
231.456522 0.000000 0.995698
231.456522 0.000000 0.995698
0.000000 0.000000 1.000000
0.000000 0.000000 1.000000
0.000000 0.000000 1.000000
0.000000 0.000000 1.000000
0.000000 0.000000 1.000000
0.000000 0.000000 1.000000
0.000000 0.000000 0.997054
0.000000 0.000000 0.997054
0.000000 0.000000 0.997054
0.000000 0.000000 0.997054
0.000000 0.000000 0.996928
0.000000 0.000000 0.996928
0.000000 0.000000 0.996928
128.299401 0.000000 0.989209
127.904192 0.000000 0.989176
132.682635 0.000000 0.992520
132.682635 0.000000 0.992520
132.682635 0.000000 0.992520
132.682635 0.000000 0.992520
132.682635 0.000000 0.992520
132.682635 0.000000 0.992520
0.000000 0.000000 1.000000
0.000000 0.000000 1.000000
325.360000 0.000000 0.996936
325.360000 0.000000 0.996936
284.800000 0.000000 0.996501
284.800000 0.000000 0.996501
284.800000 0.000000 0.996501
51.372632 0.000000 0.980906
51.372632 0.000000 0.980906
44.829474 0.000000 0.978180
53.100000 0.000000 0.981516
43.280488 0.000000 0.977417
43.280488 0.000000 0.977417
43.280488 0.000000 0.977417
49.463415 0.000000 0.980184
43.280488 0.000000 0.977417
264.521739 0.000000 0.996234
264.521739 0.000000 0.996234
264.521739 0.000000 0.996234
231.456522 0.000000 0.995698
0.000000 0.000000 1.000000
0.000000 0.000000 1.000000
0.000000 0.000000 1.000000
127.508982 0.000000 0.992218
127.508982 0.000000 0.992218
127.508982 0.000000 0.992218
127.508982 0.000000 0.992218
127.508982 0.000000 0.992218
127.508982 0.000000 0.992218
127.508982 0.000000 0.992218
0.000000 0.000000 1.000000
245.119565 0.000000 0.995937
135.035928 0.000000 0.992649
135.035928 0.000000 0.992649
135.035928 0.000000 0.992649
135.035928 0.000000 0.992649
135.035928 0.000000 0.992649
135.035928 0.000000 0.992649
283.920000 0.000000 0.996490
283.920000 0.000000 0.996490
0.000000 0.000000 1.000000
231.456522 0.000000 0.995698
231.456522 0.000000 0.995698
231.456522 0.000000 0.995698
231.456522 0.000000 0.995698
231.456522 0.000000 0.995698
231.456522 0.000000 0.995698
231.456522 0.000000 0.995698
231.456522 0.000000 0.995698
0.000000 0.000000 1.000000
0.000000 0.000000 1.000000
0.000000 0.000000 1.000000
0.000000 0.000000 1.000000
0.000000 0.000000 1.000000
0.000000 0.000000 1.000000
0.000000 0.000000 1.000000
0.000000 0.000000 1.000000
0.000000 0.000000 1.000000
0.000000 0.000000 1.000000
250.250000 0.000000 0.996020
250.250000 0.000000 0.996020
249.652174 0.000000 0.996010
251.608696 0.000000 0.993201
251.608696 0.000000 0.993201
251.478261 0.000000 0.993198
251.478261 0.000000 0.993198
251.478261 0.000000 0.993198
234.000000 0.000000 0.992692
234.000000 0.000000 0.992692
0.000000 0.000000 0.996934
0.000000 0.000000 0.996934
0.000000 0.000000 1.000000
0.000000 0.000000 1.000000
0.000000 0.000000 1.000000
0.000000 0.000000 1.000000
0.000000 0.000000 1.000000
0.000000 0.000000 1.000000
0.000000 0.000000 1.000000
0.000000 0.000000 1.000000
0.000000 0.000000 1.000000
0.000000 0.000000 1.000000
129.281437 0.000000 0.992324
129.281437 0.000000 0.992324
137.934132 0.000000 0.992802
137.934132 0.000000 0.992802
137.934132 0.000000 0.992802
119.718563 0.000000 0.991716
137.604790 0.000000 0.992785
137.275449 0.000000 0.992768
136.880240 0.000000 0.992747
136.880240 0.000000 0.992747
136.485030 0.000000 0.992726
0.000000 0.000000 1.000000
0.000000 0.000000 1.000000
0.000000 0.000000 1.000000
283.920000 0.000000 0.996490
285.533333 0.000000 0.996510
285.533333 0.000000 0.996510
295.946667 0.000000 0.996632
295.946667 0.000000 0.996632
295.946667 0.000000 0.996632
295.946667 0.000000 0.996632
295.946667 0.000000 0.996632
0.000000 0.000000 1.000000
240.663043 0.000000 0.995862
239.945652 0.000000 0.995850
239.945652 0.000000 0.995850
231.456522 0.000000 0.995698
231.456522 0.000000 0.995698
87.991736 0.000000 0.988763
87.991736 0.000000 0.988763
87.991736 0.000000 0.988763
141.960000 0.000000 0.993005
141.960000 0.000000 0.993005
141.960000 0.000000 0.993005
141.960000 0.000000 0.993005
141.960000 0.000000 0.993005
0.000000 0.000000 1.000000
0.000000 0.000000 1.000000
142.766667 0.000000 0.993044
142.766667 0.000000 0.993044
142.766667 0.000000 0.993044
163.046667 0.000000 0.993904
101.061983 0.000000 0.990202
88.491736 0.000000 0.988826
88.264463 0.000000 0.988797
100.561983 0.000000 0.990154
88.219008 0.000000 0.988792
265.119565 0.000000 0.996242
265.717391 0.000000 0.996251
266.434783 0.000000 0.996261
88.991736 0.000000 0.988888
88.991736 0.000000 0.988888
143.573333 0.000000 0.993083
143.573333 0.000000 0.993083
143.573333 0.000000 0.993083
143.206667 0.000000 0.993066
143.206667 0.000000 0.993066
142.840000 0.000000 0.993048
152.666667 0.000000 0.993492
152.226667 0.000000 0.993474
152.226667 0.000000 0.993474
151.786667 0.000000 0.993455
0.000000 0.000000 1.000000
0.000000 0.000000 1.000000
0.000000 0.000000 1.000000
151.786667 0.000000 0.993455
151.786667 0.000000 0.993455
151.786667 0.000000 0.993455
141.960000 0.000000 0.993005
141.960000 0.000000 0.993005
141.960000 0.000000 0.993005
141.960000 0.000000 0.993005
0.000000 0.000000 1.000000
0.000000 0.000000 1.000000
105.973333 0.000000 0.990652
88.566667 0.000000 0.988835
71.160000 0.000000 0.986142
52.046667 0.000000 0.981149
58.713333 0.000000 0.983253
63.540000 0.000000 0.984506
65.113333 0.000000 0.984874
64.673333 0.000000 0.984773
64.673333 0.000000 0.984773
0.000000 0.000000 1.000000
0.000000 0.000000 1.000000
0.000000 0.000000 1.000000
0.000000 0.000000 1.000000
0.000000 0.000000 1.000000
88.213333 0.000000 0.988791
115.026667 0.000000 0.991381
104.626667 0.000000 0.990533
88.440000 0.000000 0.988819
86.866667 0.000000 0.988619
86.506667 0.000000 0.988572
59.920000 0.000000 0.983585
58.706667 0.000000 0.983251
58.706667 0.000000 0.983251
64.466667 0.000000 0.984725
64.466667 0.000000 0.984725
36.966667 0.000000 0.973661
43.693333 0.000000 0.977625
0.000000 0.000000 1.000000
0.000000 0.000000 1.000000
0.000000 0.000000 1.000000
0.000000 0.000000 1.000000
0.000000 0.000000 1.000000
0.000000 0.000000 1.000000
0.000000 0.000000 1.000000
0.000000 0.000000 1.000000
0.000000 0.000000 1.000000
0.000000 0.000000 1.000000
0.000000 0.000000 1.000000
0.000000 0.000000 1.000000
0.000000 0.000000 1.000000
0.000000 0.000000 1.000000
0.000000 0.000000 1.000000
0.000000 0.000000 1.000000
0.000000 0.000000 1.000000
0.000000 0.000000 1.000000
0.000000 0.000000 1.000000
0.000000 0.000000 1.000000
0.000000 0.000000 1.000000
0.000000 0.000000 0.000000
0.000000 0.000000 0.000000
0.000000 0.000000 0.000000
0.000000 0.000000 1.000000
0.000000 0.000000 1.000000
0.000000 0.000000 1.000000
0.000000 0.000000 1.000000
0.000000 0.000000 0.450000
0.000000 0.000000 0.000000
0.000000 0.000000 0.000000
3.126667 0.000000 0.757674
1.480000 0.000000 0.596774
2.320000 0.000000 0.566265
2.320000 0.000000 0.566265
1.560000 0.000000 0.437500
0.800000 0.000000 0.200000
0.440000 0.000000 0.000000
0.000000 0.000000 0.000000
0.000000 0.000000 0.000000
0.806667 0.000000 0.446494
0.806667 0.000000 0.446494
0.440000 0.000000 0.305556
0.000000 0.000000 0.000000
0.806667 0.000000 0.446494
0.440000 0.000000 0.305556
0.000000 0.000000 0.000000
0.000000 0.000000 0.622857
0.000000 0.000000 0.450000
0.000000 0.000000 0.000000
0.000000 0.000000 1.000000
0.000000 0.000000 1.000000
0.000000 0.000000 1.000000
0.000000 0.000000 1.000000
0.000000 0.000000 1.000000
0.000000 0.000000 1.000000
0.000000 0.000000 1.000000
0.000000 0.000000 1.000000
0.000000 0.000000 1.000000
0.000000 0.000000 1.000000
0.000000 0.000000 1.000000
0.000000 0.000000 1.000000
0.000000 0.000000 1.000000
0.000000 0.000000 1.000000
0.000000 0.000000 1.000000
0.000000 0.000000 1.000000
0.000000 0.000000 1.000000
0.000000 0.000000 1.000000
0.000000 0.000000 1.000000
0.000000 0.000000 1.000000
0.000000 0.000000 1.000000
0.000000 0.000000 1.000000
0.000000 0.000000 1.000000
0.000000 0.000000 1.000000
0.000000 0.000000 1.000000
0.000000 0.000000 1.000000
0.000000 0.000000 1.000000
0.000000 0.000000 1.000000
0.000000 0.000000 1.000000
19.784431 0.000000 0.951887
29.053892 0.000000 0.966726
33.688623 0.000000 0.971172
42.634731 0.000000 0.977082
51.580838 0.000000 0.980982
60.526946 0.000000 0.983747
69.473054 0.000000 0.985810
78.419162 0.000000 0.987409
87.365269 0.000000 0.988683
96.311377 0.000000 0.989724
105.257485 0.000000 0.990589
114.203593 0.000000 0.991320
123.149701 0.000000 0.991945
127.461078 0.000000 0.992216
127.461078 0.000000 0.992216
0.000000 0.000000 1.000000
0.000000 0.000000 1.000000
0.000000 0.000000 1.000000
0.000000 0.000000 1.000000
0.000000 0.000000 1.000000
292.693333 0.000000 0.996595
292.693333 0.000000 0.996595
292.693333 0.000000 0.996595
292.693333 0.000000 0.996595
292.693333 0.000000 0.996595
292.693333 0.000000 0.996595
293.680000 0.000000 0.996606
273.760000 0.000000 0.996360
252.853333 0.000000 0.996061
233.706667 0.000000 0.995739
215.680000 0.000000 0.995385
235.333333 0.000000 0.995769
214.426667 0.000000 0.995358
234.080000 0.000000 0.995746
0.000000 0.000000 1.000000
189.804348 0.000000 0.994759
173.358696 0.000000 0.994265
189.380435 0.000000 0.994747
173.054348 0.000000 0.994255
189.076087 0.000000 0.994739
188.271739 0.000000 0.994717
204.293478 0.000000 0.995129
203.489130 0.000000 0.995110
251.358696 0.000000 0.996037
249.010870 0.000000 0.996000
249.010870 0.000000 0.996000
249.608696 0.000000 0.993624
0.000000 0.000000 0.997605
0.000000 0.000000 0.994733
0.000000 0.000000 0.994733
0.000000 0.000000 0.994718
0.000000 0.000000 0.994718
0.000000 0.000000 0.994718
0.000000 0.000000 0.994350
0.000000 0.000000 0.994350
0.000000 0.000000 0.994350
0.000000 0.000000 0.996910
0.000000 0.000000 0.996910
0.000000 0.000000 1.000000
0.000000 0.000000 1.000000
0.000000 0.000000 1.000000
247.695652 0.000000 0.995979
247.695652 0.000000 0.995979
131.722543 0.000000 0.992465
90.071146 0.000000 0.989020
90.071146 0.000000 0.989020
90.071146 0.000000 0.989020
84.166008 0.000000 0.988258
84.166008 0.000000 0.988258
132.260870 0.000000 0.992496
132.260870 0.000000 0.992496
132.260870 0.000000 0.992496
266.175000 0.000000 0.996257
266.175000 0.000000 0.996257
0.000000 0.000000 1.000000
0.000000 0.000000 1.000000
0.000000 0.000000 1.000000
0.000000 0.000000 1.000000
0.000000 0.000000 1.000000
0.000000 0.000000 1.000000
0.000000 0.000000 1.000000
0.000000 0.000000 1.000000
0.000000 0.000000 1.000000
0.000000 0.000000 1.000000
127.508982 0.000000 0.992218
127.508982 0.000000 0.992218
71.886435 0.000000 0.986280
72.059937 0.000000 0.986313
72.059937 0.000000 0.986313
72.059937 0.000000 0.986313
72.567823 0.000000 0.986407
153.800000 0.000000 0.990698
153.800000 0.000000 0.990698
143.840000 0.000000 0.990058
290.240000 0.000000 0.993545
290.960000 0.000000 0.993561
290.226667 0.000000 0.993545
290.226667 0.000000 0.993545
96.742222 0.000000 0.986768
96.502222 0.000000 0.986735
96.026667 0.000000 0.986670
102.373333 0.000000 0.990326
102.373333 0.000000 0.990326
101.520000 0.000000 0.990246
152.280000 0.000000 0.993476
152.280000 0.000000 0.993476
94.165289 0.000000 0.989492
94.165289 0.000000 0.989492
247.695652 0.000000 0.995979
247.695652 0.000000 0.995979
87.991736 0.000000 0.988763
88.264463 0.000000 0.988797
88.264463 0.000000 0.988797
88.264463 0.000000 0.988797
142.400000 0.000000 0.993026
142.400000 0.000000 0.993026
152.360000 0.000000 0.993479
152.360000 0.000000 0.993479
152.360000 0.000000 0.993479
0.000000 0.000000 1.000000
0.000000 0.000000 1.000000
0.000000 0.000000 1.000000
151.920000 0.000000 0.993461
151.920000 0.000000 0.993461
141.960000 0.000000 0.993005
87.991736 0.000000 0.988763
87.991736 0.000000 0.988763
87.991736 0.000000 0.988763
87.991736 0.000000 0.988763
231.456522 0.000000 0.995698
231.456522 0.000000 0.995698
87.991736 0.000000 0.988763
94.165289 0.000000 0.989492
151.920000 0.000000 0.993461
151.920000 0.000000 0.993461
151.920000 0.000000 0.993461
151.920000 0.000000 0.993461
151.920000 0.000000 0.993461
151.920000 0.000000 0.993461
151.920000 0.000000 0.993461
0.000000 0.000000 1.000000
0.000000 0.000000 1.000000
264.296296 0.000000 0.996231
68.836013 0.000000 0.985681
68.836013 0.000000 0.985681
69.202572 0.000000 0.985756
69.376206 0.000000 0.985791
45.138075 0.000000 0.978326
45.138075 0.000000 0.978326
44.899582 0.000000 0.978213
54.060453 0.000000 0.981838
92.939271 0.000000 0.989355
137.461078 0.000000 0.992778
137.461078 0.000000 0.992778
136.778443 0.000000 0.992742
136.455090 0.000000 0.992725
136.455090 0.000000 0.992725
0.000000 0.000000 1.000000
0.000000 0.000000 1.000000
0.000000 0.000000 1.000000
283.920000 0.000000 0.996490
283.920000 0.000000 0.996490
283.920000 0.000000 0.996490
283.920000 0.000000 0.996490
283.920000 0.000000 0.996490
283.920000 0.000000 0.996490
283.920000 0.000000 0.996490
231.456522 0.000000 0.995698
246.956522 0.000000 0.995967
246.956522 0.000000 0.995967
246.956522 0.000000 0.995967
247.673913 0.000000 0.993094
247.673913 0.000000 0.993094
247.673913 0.000000 0.993094
247.673913 0.000000 0.993094
0.000000 0.000000 0.997103
0.000000 0.000000 0.996910
0.000000 0.000000 0.996910
0.000000 0.000000 0.996910
0.000000 0.000000 0.996910
0.000000 0.000000 1.000000
0.000000 0.000000 1.000000
0.000000 0.000000 1.000000
0.000000 0.000000 1.000000
0.000000 0.000000 1.000000
0.000000 0.000000 1.000000
0.000000 0.000000 1.000000
242.336957 0.000000 0.995890
231.456522 0.000000 0.995698
232.173913 0.000000 0.995711
232.173913 0.000000 0.995711
232.173913 0.000000 0.995711
242.097826 0.000000 0.995886
242.097826 0.000000 0.995886
0.000000 0.000000 1.000000
0.000000 0.000000 1.000000
0.000000 0.000000 1.000000
0.000000 0.000000 1.000000
0.000000 0.000000 1.000000
0.000000 0.000000 1.000000
0.000000 0.000000 1.000000
0.000000 0.000000 1.000000
0.000000 0.000000 1.000000
0.000000 0.000000 1.000000
0.000000 0.000000 1.000000
0.000000 0.000000 1.000000
0.000000 0.000000 1.000000
127.508982 0.000000 0.992218
127.508982 0.000000 0.992218
145.724551 0.000000 0.993185
145.724551 0.000000 0.993185
145.724551 0.000000 0.993185
145.724551 0.000000 0.993185
145.724551 0.000000 0.993185
0.000000 0.000000 1.000000
0.000000 0.000000 1.000000
0.000000 0.000000 1.000000
283.920000 0.000000 0.996490
283.920000 0.000000 0.996490
135.630573 0.000000 0.992681
83.764706 0.000000 0.985149
83.764706 0.000000 0.985149
83.764706 0.000000 0.985149
83.764706 0.000000 0.985149
84.022059 0.000000 0.985384
84.022059 0.000000 0.985384
84.022059 0.000000 0.985384
247.695652 0.000000 0.995979
247.695652 0.000000 0.995979
247.695652 0.000000 0.995979
247.695652 0.000000 0.995979
247.695652 0.000000 0.995979
231.456522 0.000000 0.995698
0.000000 0.000000 1.000000
0.000000 0.000000 1.000000
0.000000 0.000000 1.000000
0.000000 0.000000 1.000000
0.000000 0.000000 1.000000
0.000000 0.000000 1.000000
0.000000 0.000000 1.000000
0.000000 0.000000 1.000000
0.000000 0.000000 1.000000
0.000000 0.000000 1.000000
243.858696 0.000000 0.995916
243.858696 0.000000 0.995916
243.858696 0.000000 0.995916
231.456522 0.000000 0.995698
231.456522 0.000000 0.995698
231.456522 0.000000 0.995698
231.456522 0.000000 0.995698
241.293478 0.000000 0.995873
0.000000 0.000000 1.000000
0.000000 0.000000 1.000000
0.000000 0.000000 1.000000
0.000000 0.000000 1.000000
0.000000 0.000000 1.000000
0.000000 0.000000 1.000000
0.000000 0.000000 1.000000
0.000000 0.000000 1.000000
0.000000 0.000000 1.000000
0.000000 0.000000 1.000000
0.000000 0.000000 1.000000
0.000000 0.000000 1.000000
0.000000 0.000000 1.000000
127.832335 0.000000 0.992238
127.832335 0.000000 0.992238
127.508982 0.000000 0.992218
127.508982 0.000000 0.992218
127.508982 0.000000 0.992218
145.724551 0.000000 0.993185
145.724551 0.000000 0.993185
127.508982 0.000000 0.992218
0.000000 0.000000 1.000000
0.000000 0.000000 1.000000
0.000000 0.000000 1.000000
324.480000 0.000000 0.996928
283.920000 0.000000 0.996490
283.920000 0.000000 0.996490
283.920000 0.000000 0.996490
285.346667 0.000000 0.991525
285.346667 0.000000 0.991525
286.066667 0.000000 0.989039
286.066667 0.000000 0.989039
0.000000 0.000000 0.992496
233.206522 0.000000 0.988258
233.206522 0.000000 0.988258
249.445652 0.000000 0.989020
248.282609 0.000000 0.993634
248.282609 0.000000 0.993634
248.282609 0.000000 0.993634
247.695652 0.000000 0.995979
247.695652 0.000000 0.995979
247.695652 0.000000 0.995979
0.000000 0.000000 1.000000
0.000000 0.000000 1.000000
142.326667 0.000000 0.993023
142.766667 0.000000 0.989984
142.766667 0.000000 0.989984
142.766667 0.000000 0.989984
143.126667 0.000000 0.990009
149.746667 0.000000 0.990448
149.380000 0.000000 0.990424
149.380000 0.000000 0.990424
149.380000 0.000000 0.990424
0.000000 0.000000 0.997054
242.836957 0.000000 0.995899
92.318182 0.000000 0.989284
92.318182 0.000000 0.989284
92.095041 0.000000 0.989258
87.991736 0.000000 0.988763
87.991736 0.000000 0.988763
88.438017 0.000000 0.988819
88.438017 0.000000 0.988819
142.680000 0.000000 0.993040
148.293333 0.000000 0.993302
0.000000 0.000000 1.000000
0.000000 0.000000 1.000000
0.000000 0.000000 1.000000
148.293333 0.000000 0.993302
148.293333 0.000000 0.993302
148.293333 0.000000 0.993302
147.573333 0.000000 0.993269
147.573333 0.000000 0.993269
141.960000 0.000000 0.993005
141.960000 0.000000 0.993005
162.240000 0.000000 0.993874
141.960000 0.000000 0.993005
0.000000 0.000000 1.000000
0.000000 0.000000 1.000000
67.173502 0.000000 0.985332
67.173502 0.000000 0.985332
67.173502 0.000000 0.985332
67.173502 0.000000 0.985332
67.173502 0.000000 0.985332
67.173502 0.000000 0.985332
67.173502 0.000000 0.985332
67.173502 0.000000 0.985332
141.960000 0.000000 0.993005
0.000000 0.000000 1.000000
0.000000 0.000000 1.000000
108.435556 0.000000 0.990862
108.435556 0.000000 0.990862
108.435556 0.000000 0.990862
108.435556 0.000000 0.990862
108.435556 0.000000 0.990862
94.915556 0.000000 0.989574
94.915556 0.000000 0.989574
94.915556 0.000000 0.989574
0.000000 0.000000 1.000000
43.280488 0.000000 0.977417
43.280488 0.000000 0.977417
33.168224 0.000000 0.970733
33.168224 0.000000 0.970733
35.110592 0.000000 0.972307
35.110592 0.000000 0.972307
35.110592 0.000000 0.972307
40.983636 0.000000 0.976181
150.273333 0.000000 0.993389
150.273333 0.000000 0.993389
150.273333 0.000000 0.993389
0.000000 0.000000 1.000000
0.000000 0.000000 1.000000
0.000000 0.000000 1.000000
0.000000 0.000000 1.000000
0.000000 0.000000 1.000000
0.000000 0.000000 1.000000
0.000000 0.000000 1.000000
0.000000 0.000000 1.000000
231.456522 0.000000 0.995698
231.456522 0.000000 0.995698
231.456522 0.000000 0.995698
231.456522 0.000000 0.995698
231.456522 0.000000 0.995698
231.456522 0.000000 0.995698
231.456522 0.000000 0.995698
231.456522 0.000000 0.995698
0.000000 0.000000 1.000000
0.000000 0.000000 1.000000
35.951325 0.856689 0.970882
35.951243 0.856691 0.970882
35.951161 0.856693 0.970882
35.951079 0.856695 0.970882
35.950997 0.856697 0.970882
35.950916 0.856699 0.970882
35.950834 0.856701 0.970882
3508.173913 0.000000 0.999715
3551.000000 0.000000 0.999718
3384.956522 0.000000 0.999705
3286.239130 0.000000 0.999696
3440.413043 0.000000 0.999709
0.000000 0.000000 1.000000
0.000000 0.000000 1.000000
0.000000 0.000000 1.000000
0.000000 0.000000 1.000000
0.000000 0.000000 1.000000
0.000000 0.000000 1.000000
0.000000 0.000000 1.000000
0.000000 0.000000 1.000000
0.000000 0.000000 1.000000
0.000000 0.000000 1.000000
0.000000 0.000000 1.000000
0.000000 0.000000 1.000000
184.228071 0.941806 0.994122
184.227944 0.941806 0.994122
184.220293 0.941845 0.994121
184.212663 0.941884 0.994121
184.207585 0.941910 0.994121
184.199978 0.941949 0.994121
184.195503 0.941971 0.994121
184.189798 0.942000 0.994121
184.174956 0.942076 0.994120
184.171779 0.942092 0.994120
184.168579 0.942108 0.994120
184.167304 0.942115 0.994120
184.164127 0.942131 0.994120
184.160301 0.942151 0.994120
184.157102 0.942167 0.994119
184.154551 0.942180 0.994119
184.150726 0.942199 0.994119
184.148824 0.942209 0.994119
184.145624 0.942225 0.994119
0.000000 0.000000 0.000000
0.000000 0.000000 0.000000
0.000000 0.000000 0.000000
0.000000 0.000000 0.000000
0.000000 0.000000 0.000000
0.000000 0.000000 0.000000
0.000000 0.000000 0.000000
0.000000 0.000000 0.000000
0.000000 0.000000 0.000000
0.000000 0.000000 0.000000
0.000000 0.000000 0.000000
0.000000 0.000000 0.000000
0.000000 0.000000 0.000000
0.000000 0.000000 0.000000
0.000000 0.000000 0.000000
0.000000 0.000000 0.000000
0.000000 0.000000 0.000000
0.000000 0.000000 0.000000
0.000000 0.000000 0.000000
0.000000 0.000000 0.000000
0.000000 0.000000 0.000000
0.000000 0.000000 0.000000
0.000000 0.000000 0.000000
0.000000 0.000000 0.000000
0.000000 0.000000 0.000000
0.000000 0.000000 0.000000
0.000000 0.000000 0.000000
0.000000 0.000000 0.000000
0.000000 0.000000 0.000000
0.000000 0.000000 0.000000
0.000000 0.000000 0.000000
0.000000 0.000000 0.000000
0.000000 0.000000 0.000000
0.000000 0.000000 0.000000
0.000000 0.000000 0.000000
0.000000 0.000000 0.000000
0.000000 0.000000 0.000000
0.000000 0.000000 0.000000
0.000000 0.000000 0.000000
0.000000 0.000000 0.000000
0.000000 0.000000 0.000000
0.000000 0.000000 0.000000
0.000000 0.000000 0.000000
0.000000 0.000000 0.000000
0.000000 0.000000 0.000000
0.000000 0.000000 0.000000
0.000000 0.000000 0.000000
0.000000 0.000000 0.000000
0.000000 0.000000 0.000000
0.000000 0.000000 0.000000
0.000000 0.000000 0.000000
0.000000 0.000000 0.000000
48.201514 0.875207 0.968955
48.201829 0.875208 0.968955
2.769231 1.000000 0.734694
1.384615 1.000000 0.580645
0.000000 1.000000 0.000000
0.499666 1.000000 0.333185
0.709848 1.000000 0.415153
0.997284 1.000000 0.499320
1.376912 1.000000 0.579286
1.283032 1.000000 0.561986
1.158554 1.000000 0.536727
1.023133 1.000000 0.505717
1.235855 1.000000 0.552744
2.596628 1.000000 0.721962
2.132296 1.000000 0.680745
2.046693 1.000000 0.671775
1.503243 1.000000 0.600518
1.665230 1.000000 0.624798
1.150862 1.000000 0.535070
0.000000 1.000000 1.000000
0.000000 1.000000 1.000000
5.652174 1.000000 0.849673
0.894737 1.000000 0.472222
1.373541 1.000000 0.578689
1.252918 1.000000 0.556131
1.387931 1.000000 0.581227
1.317529 1.000000 0.568506
12.226667 1.000000 0.924395
8.313333 1.000000 0.806013
2.738462 1.000000 0.483539
0.930769 1.000000 0.000000
2.200000 1.000000 0.000000
0.465385 1.000000 0.000000
0.465385 1.000000 0.000000
0.238462 1.000000 0.192547
5.636364 1.000000 0.849315
1.627108 1.000000 0.619353
2.464332 1.000000 0.711344
2.300908 1.000000 0.697053
2.946174 1.000000 0.746590
2.117816 1.000000 0.679263
2.237069 1.000000 0.691079
2.647270 1.000000 0.725822
0.000000 1.000000 1.000000
0.000000 1.000000 1.000000
0.000000 1.000000 1.000000
0.000000 1.000000 1.000000
0.000000 1.000000 1.000000
0.000000 1.000000 1.000000
0.000000 1.000000 1.000000
0.000000 1.000000 1.000000
0.000000 1.000000 1.000000
0.000000 1.000000 1.000000
0.000000 1.000000 1.000000
0.000000 1.000000 1.000000
0.000000 1.000000 1.000000
0.000000 1.000000 1.000000
0.000000 1.000000 1.000000
0.000000 1.000000 1.000000
0.000000 1.000000 1.000000
0.000000 1.000000 1.000000
0.000000 1.000000 1.000000
7.925620 1.000000 0.887963
8.260331 1.000000 0.892012
8.814050 1.000000 0.898105
8.207386 1.000000 0.891392
26.263636 1.000000 0.963321
22.054545 1.000000 0.956625
14.334615 1.000000 0.934788
16.873077 1.000000 0.944050
17.450000 1.000000 0.945799
18.834615 1.000000 0.949583
13.892308 1.000000 0.932851
33.960000 1.000000 0.971396
26.526667 1.000000 0.963672
26.593333 1.000000 0.963759
55.445652 1.000000 0.982284
18.976834 1.000000 0.949942
13.806950 1.000000 0.932464
11.953668 1.000000 0.922802
15.444015 1.000000 0.939188
12.154440 1.000000 0.923980
12.509653 1.000000 0.925979
11.791506 1.000000 0.921823
8.177606 1.000000 0.891039
7.173745 1.000000 0.877657
12.742515 1.000000 0.927233
0.000000 1.000000 1.000000
13.840000 1.000000 0.932615
5.093333 1.000000 0.835886
0.000000 1.000000 0.000000
0.562183 1.000000 0.359870
1.248652 1.000000 0.555289
0.762572 1.000000 0.432647
0.695761 1.000000 0.410294
0.444325 1.000000 0.307635
0.373563 1.000000 0.271967
0.000000 1.000000 0.000000
0.107764 1.000000 0.097280
0.125337 1.000000 0.111377
11.520000 1.000000 0.920128
1.791180 1.000000 0.641729
2.038911 1.000000 0.670935
2.258621 1.000000 0.693122
1.993261 1.000000 0.665916
1.478437 1.000000 0.596520
1.334949 1.000000 0.571725
8.509653 1.000000 0.894844
4.779923 1.000000 0.826987
5.034749 1.000000 0.834293
7.808383 1.000000 0.886472
7.808383 1.000000 0.886472
0.000000 1.000000 1.000000
20.693333 1.000000 0.953903
5.389222 1.000000 0.843486
1.173653 1.000000 0.539945
2.130435 1.000000 0.680556
3.902174 1.000000 0.796009
1.249326 1.000000 0.555422
2.304598 1.000000 0.697391
3.308908 1.000000 0.767923
3.300287 1.000000 0.767457
3.214080 1.000000 0.762700
0.000000 1.000000 1.000000
0.000000 1.000000 1.000000
31.320000 1.000000 0.969059
11.510204 1.000000 0.920065
10.198980 1.000000 0.910706
11.852041 1.000000 0.922191
9.599174 1.000000 0.905653
7.322314 1.000000 0.879841
6.380165 1.000000 0.864502
9.638430 1.000000 0.906001
7.460744 1.000000 0.881807
9.008264 1.000000 0.900083
15.047904 1.000000 0.937687
54.630435 1.000000 0.982024
52.608696 1.000000 0.981346
39.891304 1.000000 0.975545
21.334711 1.000000 0.955227
20.566116 1.000000 0.953631
16.590000 1.000000 0.943150
12.346667 1.000000 0.925075
14.333333 1.000000 0.934783
9.836667 1.000000 0.907721
11.390000 1.000000 0.919290
6.193333 1.000000 0.860982
14.133333 1.000000 0.933921
23.043478 1.000000 0.958409
23.891304 1.000000 0.959825
7.388430 1.000000 0.880788
4.498778 1.000000 0.818141
5.158924 1.000000 0.837634
6.656151 1.000000 0.869386
6.069401 1.000000 0.858545
10.910180 1.000000 0.916038
6.170347 1.000000 0.860537
1.478429 1.000000 0.596519
1.447159 1.000000 0.591363
0.864568 1.000000 0.463683
0.847062 1.000000 0.458600
0.763133 1.000000 0.432828
1.149455 1.000000 0.534766
1.016969 1.000000 0.504207
0.605032 1.000000 0.376960
0.577654 1.000000 0.366147
1.261307 1.000000 0.557778
0.213408 1.000000 0.175875
0.224971 1.000000 0.183654
0.000000 1.000000 0.000000
0.574935 1.000000 0.365053
0.544676 1.000000 0.352615
12.727273 1.000000 0.927152
11.958678 1.000000 0.922832
9.545455 1.000000 0.905172
12.776860 1.000000 0.927415
20.613333 1.000000 0.953732
2.221264 1.000000 0.689563
1.752874 1.000000 0.636743
1.518868 1.000000 0.602996
0.644205 1.000000 0.391803
0.607817 1.000000 0.378039
0.000000 1.000000 0.000000
0.000000 1.000000 0.000000
11.891304 1.000000 0.922428
0.000000 1.000000 1.000000
0.000000 1.000000 0.943484
11.179641 1.000000 0.858407
7.664671 1.000000 0.717346
3.736527 1.000000 0.482933
0.322643 1.000000 0.185257
0.077614 1.000000 0.000000
0.086925 1.000000 0.000000
0.000000 1.000000 0.000000
0.768595 1.000000 0.434579
8.428571 1.000000 0.893939
24.902174 1.000000 0.961393
16.508982 1.000000 0.942886
28.093333 1.000000 0.965628
29.986667 1.000000 0.967728
17.706667 1.000000 0.946543
13.786667 1.000000 0.932372
2.287425 1.000000 0.695811
6.173913 1.000000 0.860606
7.641304 1.000000 0.884277
13.260870 1.000000 0.929878
5.652174 1.000000 0.849673
0.000000 1.000000 1.000000
0.534653 1.000000 0.348387
0.416988 1.000000 0.294278
0.646707 1.000000 0.392727
0.000000 1.000000 0.000000
9.066116 1.000000 0.900657
9.066116 1.000000 0.900657
10.082645 1.000000 0.909769
9.420849 1.000000 0.904039
26.521739 1.000000 0.963665
14.946108 1.000000 0.937289
11.041916 1.000000 0.916957
13.856287 1.000000 0.932688
10.982036 1.000000 0.916542
24.453333 1.000000 0.960712
15.013333 1.000000 0.937552
12.239130 1.000000 0.924466
5.814815 1.000000 0.853261
10.885802 1.000000 0.915866
15.391975 1.000000 0.797213
49.456522 1.000000 0.817966
10.439024 1.000000 0.752026
15.136585 1.000000 0.816052
12.975610 1.000000 0.787609
9.982927 1.000000 0.729736
12.871069 1.000000 0.744956
8.619497 1.000000 0.878392
8.279874 1.000000 0.873941
0.000000 1.000000 0.975365
0.000000 1.000000 0.950092
1.560396 1.000000 0.567672
0.077810 1.000000 0.000000
0.000000 1.000000 0.000000
11.365931 1.000000 0.919133
11.365931 1.000000 0.919133
8.466877 1.000000 0.894369
6.037855 1.000000 0.857911
3.981073 1.000000 0.799240
1.545741 1.000000 0.607187
0.340694 1.000000 0.254118
0.720000 1.000000 0.418605
0.000000 1.000000 0.000000
0.000000 1.000000 0.000000
2.983471 1.000000 0.748963
2.983471 1.000000 0.748963
4.813333 1.000000 0.827982
4.666667 1.000000 0.823529
8.702479 1.000000 0.896934
16.504132 1.000000 0.942871
43.413043 1.000000 0.977484
26.626667 1.000000 0.963803
21.960000 1.000000 0.956446
17.253333 1.000000 0.945215
13.240000 1.000000 0.929775
11.613333 1.000000 0.920719
9.040000 1.000000 0.900398
17.173333 1.000000 0.944974
0.000000 1.000000 1.000000
0.000000 1.000000 1.000000
0.000000 1.000000 1.000000
0.000000 1.000000 1.000000
0.000000 1.000000 1.000000
0.000000 1.000000 1.000000
3.754491 1.000000 0.789673
4.265306 1.000000 0.810078
4.265306 1.000000 0.810078
5.859813 1.000000 0.854223
13.087500 1.000000 0.929015
2.533333 1.000000 0.716981
1.920833 1.000000 0.657632
0.500000 1.000000 0.333333
1.466667 1.000000 0.594595
1.591489 1.000000 0.614122
1.739535 1.000000 0.634975
2.137143 1.000000 0.681239
2.425926 1.000000 0.708108
0.200000 1.000000 0.166667
0.360000 1.000000 0.264706
0.125000 1.000000 0.111111
1.091236 1.000000 0.521814
3.287356 1.000000 0.766756
3.576149 1.000000 0.781476
3.614943 1.000000 0.783313
3.100575 1.000000 0.756132
2.633621 1.000000 0.724792
2.735632 1.000000 0.732308
2.602011 1.000000 0.722377
1.422414 1.000000 0.587189
1.116379 1.000000 0.527495
0.408046 1.000000 0.289796
0.274425 1.000000 0.215333
0.000000 1.000000 1.000000
2.548132 1.000000 0.718162
2.642241 1.000000 0.725444
2.508621 1.000000 0.714988
2.186782 1.000000 0.686204
2.913075 1.000000 0.744446
0.000000 1.000000 0.969674
0.000000 1.000000 0.956924
0.000000 1.000000 0.958997
0.000000 1.000000 0.946837
0.000000 1.000000 0.925949
0.000000 1.000000 0.778793
0.000000 1.000000 0.612179
0.000000 1.000000 0.759443
0.000000 1.000000 0.000000
1.846743 1.000000 0.141067
1.584770 1.000000 0.155364
1.229167 1.000000 0.180148
1.340757 1.000000 0.238261
0.583573 1.000000 0.352185
0.850575 1.000000 0.438665
0.807471 1.000000 0.436010
0.740661 1.000000 0.414362
1.147989 1.000000 0.516388
1.056034 1.000000 0.494759
0.864583 1.000000 0.463687
0.436063 1.000000 0.303652
0.367098 1.000000 0.268523
0.714440 1.000000 0.416719
1.020833 1.000000 0.505155
0.816092 1.000000 0.449367
0.816092 1.000000 0.449367
0.768678 1.000000 0.434606
0.265805 1.000000 0.209989
0.186782 1.000000 0.157385
0.096983 1.000000 0.088409
0.175097 1.000000 0.149007
0.000000 1.000000 0.000000
0.000000 1.000000 0.000000
0.000000 1.000000 0.000000
0.253846 1.000000 0.202454
1.200000 1.000000 0.545455
0.000000 1.000000 1.000000
1.664511 1.000000 0.624697
0.993175 1.000000 0.498288
0.646312 1.000000 0.392582
0.969468 1.000000 0.492249
0.318247 1.000000 0.241417
0.989093 1.000000 0.497258
0.966599 1.000000 0.491508
1.839170 1.000000 0.647784
1.669261 1.000000 0.625364
0.917532 1.000000 0.478496
0.917532 1.000000 0.478496
0.272355 1.000000 0.214056
0.714116 1.000000 0.416609
1.060606 1.000000 0.514706
0.893897 1.000000 0.471988
0.925620 1.000000 0.480687
0.992944 1.000000 0.498230
3.327703 1.000000 0.768931
3.721612 1.000000 0.788208
4.146667 1.000000 0.805699
10.720000 1.000000 0.914676
9.773333 1.000000 0.907178
9.773333 1.000000 0.907178
0.000000 1.000000 1.000000
1.769131 1.000000 0.638876
0.981842 1.000000 0.495419
0.904021 1.000000 0.474796
0.845701 1.000000 0.458200
1.286217 1.000000 0.562596
1.391186 1.000000 0.581797
5.733184 1.000000 0.851482
3.733184 1.000000 0.788726
1.949649 1.000000 0.660977
2.006443 1.000000 0.667381
2.157178 1.000000 0.683261
2.693050 1.000000 0.729221
1.660232 1.000000 0.624093
9.781818 1.000000 0.907251
8.090909 1.000000 0.890000
366.613333 1.000000 0.027964
213.300000 1.000000 0.036039
858.280769 1.000000 0.007547
855.773077 1.000000 0.004642
655.869231 1.000000 0.006054
654.207692 1.000000 0.006070
290.465636 1.000000 0.006096
282.693980 1.000000 0.006095
85.369347 1.000000 0.010554
90.364362 1.000000 0.010561
83.499015 1.000000 0.008348
54.255172 1.000000 0.014425
2.063547 1.000000 0.260170
0.823645 1.000000 0.437061
0.978923 1.000000 0.478698
1.084306 1.000000 0.503423
14.000000 1.000000 0.909333
6.253333 1.000000 0.812500
4.813333 1.000000 0.827982
11.281250 1.000000 0.918575
8.375000 1.000000 0.893333
1.687500 1.000000 0.627907
0.000000 1.000000 0.000000
4.673913 1.000000 0.823755
0.000000 1.000000 1.000000
0.000000 1.000000 1.000000
0.000000 1.000000 0.916953
39.750000 1.000000 0.943185
39.750000 1.000000 0.943185
34.282609 1.000000 0.971657
19.940594 1.000000 0.952246
19.019802 1.000000 0.950049
15.534653 1.000000 0.939521
23.781818 1.000000 0.959648
25.563636 1.000000 0.962355
15.363636 1.000000 0.938889
13.672727 1.000000 0.931846
3.472727 1.000000 0.776423
0.000000 1.000000 1.000000
0.315733 1.000000 0.239967
0.232759 1.000000 0.188811
0.116379 1.000000 0.104247
0.116379 1.000000 0.104247
0.000000 1.000000 0.000000
1.150610 1.000000 0.535016
1.190399 1.000000 0.543462
1.035489 1.000000 0.508717
0.929006 1.000000 0.481598
1.024609 1.000000 0.506077
0.359060 1.000000 0.264198
0.344828 1.000000 0.256410
1.275862 1.000000 0.560606
0.000000 1.000000 1.000000
0.000000 1.000000 1.000000
0.000000 1.000000 1.000000
0.000000 1.000000 1.000000
0.000000 1.000000 1.000000
0.000000 1.000000 1.000000
0.000000 1.000000 1.000000
0.000000 1.000000 1.000000
0.691810 1.000000 0.357537
0.000000 1.000000 0.874351
0.000000 1.000000 0.948002
0.000000 1.000000 0.943484
0.000000 1.000000 0.935190
0.000000 1.000000 1.000000
0.000000 1.000000 1.000000
0.000000 1.000000 1.000000
41.339551 0.825390 0.973926
41.339545 0.825390 0.973926
41.339523 0.825390 0.973926
41.339502 0.825390 0.973926
