450
2.769231 1.000000 0.734694
1.384615 1.000000 0.580645
0.000000 1.000000 0.000000
0.499666 1.000000 0.333185
0.709848 1.000000 0.415153
0.997284 1.000000 0.499320
1.376912 1.000000 0.579286
1.283032 1.000000 0.561986
1.158554 1.000000 0.536727
1.023133 1.000000 0.505717
1.235855 1.000000 0.552744
2.596628 1.000000 0.721962
2.132296 1.000000 0.680745
2.046693 1.000000 0.671775
1.503243 1.000000 0.600518
1.665230 1.000000 0.624798
1.150862 1.000000 0.535070
0.000000 1.000000 1.000000
0.000000 1.000000 1.000000
5.652174 1.000000 0.849673
0.894737 1.000000 0.472222
1.373541 1.000000 0.578689
1.252918 1.000000 0.556131
1.387931 1.000000 0.581227
1.317529 1.000000 0.568506
12.226667 1.000000 0.924395
8.313333 1.000000 0.806013
2.738462 1.000000 0.483539
0.930769 1.000000 0.000000
2.200000 1.000000 0.000000
0.465385 1.000000 0.000000
0.465385 1.000000 0.000000
0.238462 1.000000 0.192547
5.636364 1.000000 0.849315
1.627108 1.000000 0.619353
2.464332 1.000000 0.711344
2.300908 1.000000 0.697053
2.946174 1.000000 0.746590
2.117816 1.000000 0.679263
2.237069 1.000000 0.691079
2.647270 1.000000 0.725822
0.000000 1.000000 1.000000
0.000000 1.000000 1.000000
0.000000 1.000000 1.000000
0.000000 1.000000 1.000000
0.000000 1.000000 1.000000
0.000000 1.000000 1.000000
0.000000 1.000000 1.000000
0.000000 1.000000 1.000000
0.000000 1.000000 1.000000
0.000000 1.000000 1.000000
0.000000 1.000000 1.000000
0.000000 1.000000 1.000000
0.000000 1.000000 1.000000
0.000000 1.000000 1.000000
0.000000 1.000000 1.000000
0.000000 1.000000 1.000000
0.000000 1.000000 1.000000
0.000000 1.000000 1.000000
0.000000 1.000000 1.000000
7.925620 1.000000 0.887963
8.260331 1.000000 0.892012
8.814050 1.000000 0.898105
8.207386 1.000000 0.891392
26.263636 1.000000 0.963321
22.054545 1.000000 0.956625
14.334615 1.000000 0.934788
16.873077 1.000000 0.944050
17.450000 1.000000 0.945799
18.834615 1.000000 0.949583
13.892308 1.000000 0.932851
33.960000 1.000000 0.971396
26.526667 1.000000 0.963672
26.593333 1.000000 0.963759
55.445652 1.000000 0.982284
18.976834 1.000000 0.949942
13.806950 1.000000 0.932464
11.953668 1.000000 0.922802
15.444015 1.000000 0.939188
12.154440 1.000000 0.923980
12.509653 1.000000 0.925979
11.791506 1.000000 0.921823
8.177606 1.000000 0.891039
7.173745 1.000000 0.877657
12.742515 1.000000 0.927233
0.000000 1.000000 1.000000
13.840000 1.000000 0.932615
5.093333 1.000000 0.835886
0.000000 1.000000 0.000000
0.562183 1.000000 0.359870
1.248652 1.000000 0.555289
0.762572 1.000000 0.432647
0.695761 1.000000 0.410294
0.444325 1.000000 0.307635
0.373563 1.000000 0.271967
0.000000 1.000000 0.000000
0.107764 1.000000 0.097280
0.125337 1.000000 0.111377
11.520000 1.000000 0.920128
1.791180 1.000000 0.641729
2.038911 1.000000 0.670935
2.258621 1.000000 0.693122
1.993261 1.000000 0.665916
1.478437 1.000000 0.596520
1.334949 1.000000 0.571725
8.509653 1.000000 0.894844
4.779923 1.000000 0.826987
5.034749 1.000000 0.834293
7.808383 1.000000 0.886472
7.808383 1.000000 0.886472
0.000000 1.000000 1.000000
20.693333 1.000000 0.953903
5.389222 1.000000 0.843486
1.173653 1.000000 0.539945
2.130435 1.000000 0.680556
3.902174 1.000000 0.796009
1.249326 1.000000 0.555422
2.304598 1.000000 0.697391
3.308908 1.000000 0.767923
3.300287 1.000000 0.767457
3.214080 1.000000 0.762700
0.000000 1.000000 1.000000
0.000000 1.000000 1.000000
31.320000 1.000000 0.969059
11.510204 1.000000 0.920065
10.198980 1.000000 0.910706
11.852041 1.000000 0.922191
9.599174 1.000000 0.905653
7.322314 1.000000 0.879841
6.380165 1.000000 0.864502
9.638430 1.000000 0.906001
7.460744 1.000000 0.881807
9.008264 1.000000 0.900083
15.047904 1.000000 0.937687
54.630435 1.000000 0.982024
52.608696 1.000000 0.981346
39.891304 1.000000 0.975545
21.334711 1.000000 0.955227
20.566116 1.000000 0.953631
16.590000 1.000000 0.943150
12.346667 1.000000 0.925075
14.333333 1.000000 0.934783
9.836667 1.000000 0.907721
11.390000 1.000000 0.919290
6.193333 1.000000 0.860982
14.133333 1.000000 0.933921
23.043478 1.000000 0.958409
23.891304 1.000000 0.959825
7.388430 1.000000 0.880788
4.498778 1.000000 0.818141
5.158924 1.000000 0.837634
6.656151 1.000000 0.869386
6.069401 1.000000 0.858545
10.910180 1.000000 0.916038
6.170347 1.000000 0.860537
1.478429 1.000000 0.596519
1.447159 1.000000 0.591363
0.864568 1.000000 0.463683
0.847062 1.000000 0.458600
0.763133 1.000000 0.432828
1.149455 1.000000 0.534766
1.016969 1.000000 0.504207
0.605032 1.000000 0.376960
0.577654 1.000000 0.366147
1.261307 1.000000 0.557778
0.213408 1.000000 0.175875
0.224971 1.000000 0.183654
0.000000 1.000000 0.000000
0.574935 1.000000 0.365053
0.544676 1.000000 0.352615
12.727273 1.000000 0.927152
11.958678 1.000000 0.922832
9.545455 1.000000 0.905172
12.776860 1.000000 0.927415
20.613333 1.000000 0.953732
2.221264 1.000000 0.689563
1.752874 1.000000 0.636743
1.518868 1.000000 0.602996
0.644205 1.000000 0.391803
0.607817 1.000000 0.378039
0.000000 1.000000 0.000000
0.000000 1.000000 0.000000
11.891304 1.000000 0.922428
0.000000 1.000000 1.000000
0.000000 1.000000 0.943484
11.179641 1.000000 0.858407
7.664671 1.000000 0.717346
3.736527 1.000000 0.482933
0.322643 1.000000 0.185257
0.077614 1.000000 0.000000
0.086925 1.000000 0.000000
0.000000 1.000000 0.000000
0.768595 1.000000 0.434579
8.428571 1.000000 0.893939
24.902174 1.000000 0.961393
16.508982 1.000000 0.942886
28.093333 1.000000 0.965628
29.986667 1.000000 0.967728
17.706667 1.000000 0.946543
13.786667 1.000000 0.932372
2.287425 1.000000 0.695811
6.173913 1.000000 0.860606
7.641304 1.000000 0.884277
13.260870 1.000000 0.929878
5.652174 1.000000 0.849673
0.000000 1.000000 1.000000
0.534653 1.000000 0.348387
0.416988 1.000000 0.294278
0.646707 1.000000 0.392727
0.000000 1.000000 0.000000
9.066116 1.000000 0.900657
9.066116 1.000000 0.900657
10.082645 1.000000 0.909769
9.420849 1.000000 0.904039
26.521739 1.000000 0.963665
14.946108 1.000000 0.937289
11.041916 1.000000 0.916957
13.856287 1.000000 0.932688
10.982036 1.000000 0.916542
24.453333 1.000000 0.960712
15.013333 1.000000 0.937552
12.239130 1.000000 0.924466
5.814815 1.000000 0.853261
10.885802 1.000000 0.915866
15.391975 1.000000 0.797213
49.456522 1.000000 0.817966
10.439024 1.000000 0.752026
15.136585 1.000000 0.816052
12.975610 1.000000 0.787609
9.982927 1.000000 0.729736
12.871069 1.000000 0.744956
8.619497 1.000000 0.878392
8.279874 1.000000 0.873941
0.000000 1.000000 0.975365
0.000000 1.000000 0.950092
1.560396 1.000000 0.567672
0.077810 1.000000 0.000000
0.000000 1.000000 0.000000
11.365931 1.000000 0.919133
11.365931 1.000000 0.919133
8.466877 1.000000 0.894369
6.037855 1.000000 0.857911
3.981073 1.000000 0.799240
1.545741 1.000000 0.607187
0.340694 1.000000 0.254118
0.720000 1.000000 0.418605
0.000000 1.000000 0.000000
0.000000 1.000000 0.000000
2.983471 1.000000 0.748963
2.983471 1.000000 0.748963
4.813333 1.000000 0.827982
4.666667 1.000000 0.823529
8.702479 1.000000 0.896934
16.504132 1.000000 0.942871
43.413043 1.000000 0.977484
26.626667 1.000000 0.963803
21.960000 1.000000 0.956446
17.253333 1.000000 0.945215
13.240000 1.000000 0.929775
11.613333 1.000000 0.920719
9.040000 1.000000 0.900398
17.173333 1.000000 0.944974
0.000000 1.000000 1.000000
0.000000 1.000000 1.000000
0.000000 1.000000 1.000000
0.000000 1.000000 1.000000
0.000000 1.000000 1.000000
0.000000 1.000000 1.000000
3.754491 1.000000 0.789673
4.265306 1.000000 0.810078
4.265306 1.000000 0.810078
5.859813 1.000000 0.854223
13.087500 1.000000 0.929015
2.533333 1.000000 0.716981
1.920833 1.000000 0.657632
0.500000 1.000000 0.333333
1.466667 1.000000 0.594595
1.591489 1.000000 0.614122
1.739535 1.000000 0.634975
2.137143 1.000000 0.681239
2.425926 1.000000 0.708108
0.200000 1.000000 0.166667
0.360000 1.000000 0.264706
0.125000 1.000000 0.111111
1.091236 1.000000 0.521814
3.287356 1.000000 0.766756
3.576149 1.000000 0.781476
3.614943 1.000000 0.783313
3.100575 1.000000 0.756132
2.633621 1.000000 0.724792
2.735632 1.000000 0.732308
2.602011 1.000000 0.722377
1.422414 1.000000 0.587189
1.116379 1.000000 0.527495
0.408046 1.000000 0.289796
0.274425 1.000000 0.215333
0.000000 1.000000 1.000000
2.548132 1.000000 0.718162
2.642241 1.000000 0.725444
2.508621 1.000000 0.714988
2.186782 1.000000 0.686204
2.913075 1.000000 0.744446
0.000000 1.000000 0.969674
0.000000 1.000000 0.956924
0.000000 1.000000 0.958997
0.000000 1.000000 0.946837
0.000000 1.000000 0.925949
0.000000 1.000000 0.778793
0.000000 1.000000 0.612179
0.000000 1.000000 0.759443
0.000000 1.000000 0.000000
1.846743 1.000000 0.141067
1.584770 1.000000 0.155364
1.229167 1.000000 0.180148
1.340757 1.000000 0.238261
0.583573 1.000000 0.352185
0.850575 1.000000 0.438665
0.807471 1.000000 0.436010
0.740661 1.000000 0.414362
1.147989 1.000000 0.516388
1.056034 1.000000 0.494759
0.864583 1.000000 0.463687
0.436063 1.000000 0.303652
0.367098 1.000000 0.268523
0.714440 1.000000 0.416719
1.020833 1.000000 0.505155
0.816092 1.000000 0.449367
0.816092 1.000000 0.449367
0.768678 1.000000 0.434606
0.265805 1.000000 0.209989
0.186782 1.000000 0.157385
0.096983 1.000000 0.088409
0.175097 1.000000 0.149007
0.000000 1.000000 0.000000
0.000000 1.000000 0.000000
0.000000 1.000000 0.000000
0.253846 1.000000 0.202454
1.200000 1.000000 0.545455
0.000000 1.000000 1.000000
1.664511 1.000000 0.624697
0.993175 1.000000 0.498288
0.646312 1.000000 0.392582
0.969468 1.000000 0.492249
0.318247 1.000000 0.241417
0.989093 1.000000 0.497258
0.966599 1.000000 0.491508
1.839170 1.000000 0.647784
1.669261 1.000000 0.625364
0.917532 1.000000 0.478496
0.917532 1.000000 0.478496
0.272355 1.000000 0.214056
0.714116 1.000000 0.416609
1.060606 1.000000 0.514706
0.893897 1.000000 0.471988
0.925620 1.000000 0.480687
0.992944 1.000000 0.498230
3.327703 1.000000 0.768931
3.721612 1.000000 0.788208
4.146667 1.000000 0.805699
10.720000 1.000000 0.914676
9.773333 1.000000 0.907178
9.773333 1.000000 0.907178
0.000000 1.000000 1.000000
1.769131 1.000000 0.638876
0.981842 1.000000 0.495419
0.904021 1.000000 0.474796
0.845701 1.000000 0.458200
1.286217 1.000000 0.562596
1.391186 1.000000 0.581797
5.733184 1.000000 0.851482
3.733184 1.000000 0.788726
1.949649 1.000000 0.660977
2.006443 1.000000 0.667381
2.157178 1.000000 0.683261
2.693050 1.000000 0.729221
1.660232 1.000000 0.624093
9.781818 1.000000 0.907251
8.090909 1.000000 0.890000
366.613333 1.000000 0.027964
213.300000 1.000000 0.036039
858.280769 1.000000 0.007547
855.773077 1.000000 0.004642
655.869231 1.000000 0.006054
654.207692 1.000000 0.006070
290.465636 1.000000 0.006096
282.693980 1.000000 0.006095
85.369347 1.000000 0.010554
90.364362 1.000000 0.010561
83.499015 1.000000 0.008348
54.255172 1.000000 0.014425
2.063547 1.000000 0.260170
0.823645 1.000000 0.437061
0.978923 1.000000 0.478698
1.084306 1.000000 0.503423
14.000000 1.000000 0.909333
6.253333 1.000000 0.812500
4.813333 1.000000 0.827982
11.281250 1.000000 0.918575
8.375000 1.000000 0.893333
1.687500 1.000000 0.627907
0.000000 1.000000 0.000000
4.673913 1.000000 0.823755
0.000000 1.000000 1.000000
0.000000 1.000000 1.000000
0.000000 1.000000 0.916953
39.750000 1.000000 0.943185
39.750000 1.000000 0.943185
34.282609 1.000000 0.971657
19.940594 1.000000 0.952246
19.019802 1.000000 0.950049
15.534653 1.000000 0.939521
23.781818 1.000000 0.959648
25.563636 1.000000 0.962355
15.363636 1.000000 0.938889
13.672727 1.000000 0.931846
3.472727 1.000000 0.776423
0.000000 1.000000 1.000000
0.315733 1.000000 0.239967
0.232759 1.000000 0.188811
0.116379 1.000000 0.104247
0.116379 1.000000 0.104247
0.000000 1.000000 0.000000
1.150610 1.000000 0.535016
1.190399 1.000000 0.543462
1.035489 1.000000 0.508717
0.929006 1.000000 0.481598
1.024609 1.000000 0.506077
0.359060 1.000000 0.264198
0.344828 1.000000 0.256410
1.275862 1.000000 0.560606
0.000000 1.000000 1.000000
0.000000 1.000000 1.000000
0.000000 1.000000 1.000000
0.000000 1.000000 1.000000
0.000000 1.000000 1.000000
0.000000 1.000000 1.000000
0.000000 1.000000 1.000000
0.000000 1.000000 1.000000
0.691810 1.000000 0.357537
0.000000 1.000000 0.874351
0.000000 1.000000 0.948002
0.000000 1.000000 0.943484
0.000000 1.000000 0.935190
0.000000 1.000000 1.000000
0.000000 1.000000 1.000000
0.000000 1.000000 1.000000
44.373958 0.835355 0.972927
44.373957 0.835355 0.972927
44.373951 0.835355 0.972927
44.373945 0.835355 0.972927
